"Address","Content Type","Status Code","Status","Indexability","Indexability Status","Hash","Length","Canonical Link Element 1","URL Encoded Address"
"https://unityverseacademy.com/","text/html; charset=utf-8","200","OK","Indexable","","f97c77603b987c374a25b49fff87e8dd","30","https://unityverseacademy.com/","https://unityverseacademy.com/"
"https://unityverseacademy.com/kategori/animasyon-egitimleri-248/","text/html; charset=utf-8","200","OK","Indexable","","f58563d947190bd711452194d7d1c19","64","https://unityverseacademy.com/kategori/animasyon-egitimleri-248/","https://unityverseacademy.com/kategori/animasyon-egitimleri-248/"
"https://unityverseacademy.com/public/tema10/css/home2.css?v=5.4.100","text/css; charset=UTF-8","200","OK","Indexable","","","67","","https://unityverseacademy.com/public/tema10/css/home2.css?v=5.4.100"
"https://unityverseacademy.com/public/tema10/js/cookieconsent.umd.js?v=5.4.94","application/javascript; charset=UTF-8","200","OK","Indexable","","","76","","https://unityverseacademy.com/public/tema10/js/cookieconsent.umd.js?v=5.4.94"
"https://unityverseacademy.com/urun/autodesk-fusion-360-endustriyel-urun-tasarimi-uzmanligi-canli-online-egitimi-584/","text/html; charset=utf-8","200","OK","Indexable","","e8cd140447dbc8a09e6ac93bbd2eac76","116","https://unityverseacademy.com/urun/autodesk-fusion-360-endustriyel-urun-tasarimi-uzmanligi-canli-online-egitimi-584/","https://unityverseacademy.com/urun/autodesk-fusion-360-endustriyel-urun-tasarimi-uzmanligi-canli-online-egitimi-584/"
"https://unityverseacademy.com/urun/desinatorluk-canli-online-egitimi-563/","text/html; charset=utf-8","200","OK","Indexable","","dd51adb80a70792a97ea8344239e300e","73","https://unityverseacademy.com/urun/desinatorluk-canli-online-egitimi-563/","https://unityverseacademy.com/urun/desinatorluk-canli-online-egitimi-563/"
"https://unityverseacademy.com/public/tema10/css/bootstrap-datetimepicker.min.css?v=5.4.94","text/css; charset=UTF-8","200","OK","Indexable","","","89","","https://unityverseacademy.com/public/tema10/css/bootstrap-datetimepicker.min.css?v=5.4.94"
"https://unityverseacademy.com/public/tema10/css/themecss/so-categories.css?v=5.4.94","text/css; charset=UTF-8","200","OK","Indexable","","","83","","https://unityverseacademy.com/public/tema10/css/themecss/so-categories.css?v=5.4.94"
"https://unityverseacademy.com/public/tema10/js/countdown/jquery.countdown.min.js?v=5.4.94","application/javascript; charset=UTF-8","200","OK","Indexable","","","89","","https://unityverseacademy.com/public/tema10/js/countdown/jquery.countdown.min.js?v=5.4.94"
"https://unityverseacademy.com/sayfa/iptal-ve-iade-kosullari-28/","text/html; charset=utf-8","200","OK","Indexable","","6f53fe377507d1274a9ae57046b0bb27","63","https://unityverseacademy.com/sayfa/iptal-ve-iade-kosullari-28/","https://unityverseacademy.com/sayfa/iptal-ve-iade-kosullari-28/"
"https://unityverseacademy.com/public/tema10/css/pobol.css?v=5.4.104","text/css; charset=UTF-8","200","OK","Indexable","","","67","","https://unityverseacademy.com/public/tema10/css/pobol.css?v=5.4.104"
"https://unityverseacademy.com/uploads/p/p/s/2024-python-bootcamp-sifirdan-python-canli-online-egitimi_2.jpeg?v=1713608100","image/jpeg","200","OK","Indexable","","","121","","https://unityverseacademy.com/uploads/p/p/s/2024-python-bootcamp-sifirdan-python-canli-online-egitimi_2.jpeg?v=1713608100"
"https://unityverseacademy.com/uploads/p/cd/9svlyhQm8Piz.png","image/png","200","OK","Indexable","","","59","","https://unityverseacademy.com/uploads/p/cd/9svlyhQm8Piz.png"
"https://unityverseacademy.com/uploads/p/cd/cMZ1zkyvfF2P.png","image/png","200","OK","Indexable","","","59","","https://unityverseacademy.com/uploads/p/cd/cMZ1zkyvfF2P.png"
"https://unityverseacademy.com/kategori/oyun-gelistirme-egitimleri-244/","text/html; charset=utf-8","200","OK","Indexable","","c92d54c31a3f979d289657324a9b8d4","70","https://unityverseacademy.com/kategori/oyun-gelistirme-egitimleri-244/","https://unityverseacademy.com/kategori/oyun-gelistirme-egitimleri-244/"
"https://unityverseacademy.com/uploads/p/p/s/autodesk-fusion-360-endustriyel-urun-tasarimi-uzmanligi-canli-online-egitimi_1.jpg?v=1762940099","image/jpeg","200","OK","Indexable","","","139","","https://unityverseacademy.com/uploads/p/p/s/autodesk-fusion-360-endustriyel-urun-tasarimi-uzmanligi-canli-online-egitimi_1.jpg?v=1762940099"
"https://unityverseacademy.com/public/tema10/js/themejs/libs.js?v=5.4.94","application/javascript; charset=UTF-8","200","OK","Indexable","","","71","","https://unityverseacademy.com/public/tema10/js/themejs/libs.js?v=5.4.94"
"https://unityverseacademy.com/public/tema10/js/jquery-ui/jquery-ui.min.js?v=5.4.94","application/javascript; charset=UTF-8","200","OK","Indexable","","","82","","https://unityverseacademy.com/public/tema10/js/jquery-ui/jquery-ui.min.js?v=5.4.94"
"https://unityverseacademy.com/uploads/p/cd/ZCaVcYBFG9jR.png","image/png","200","OK","Indexable","","","59","","https://unityverseacademy.com/uploads/p/cd/ZCaVcYBFG9jR.png"
"https://unityverseacademy.com/sayfa/uyelik-sozlesmesi-ve-gizlilik-politikasi-27/","text/html; charset=utf-8","200","OK","Indexable","","563bf1db9e235d1ce9b4a4e65871954d","80","https://unityverseacademy.com/sayfa/uyelik-sozlesmesi-ve-gizlilik-politikasi-27/","https://unityverseacademy.com/sayfa/uyelik-sozlesmesi-ve-gizlilik-politikasi-27/"
"https://unityverseacademy.com/uploads/p/p/s/yazilim-uzmanligi-yuz-yuze-egitimi_1.jpeg?v=1713604671","image/jpeg","200","OK","Indexable","","","98","","https://unityverseacademy.com/uploads/p/p/s/yazilim-uzmanligi-yuz-yuze-egitimi_1.jpeg?v=1713604671"
"https://unityverseacademy.com/public/tema10/css/jquery-ui.min.css?v=5.4.94","text/css; charset=UTF-8","200","OK","Indexable","","","74","","https://unityverseacademy.com/public/tema10/css/jquery-ui.min.css?v=5.4.94"
"https://unityverseacademy.com/uploads/p/p/s/2b-oyun-karakter-tasarimi-ve-animasyon-canli-online-egitimi_1.jpg?v=1759406018","image/jpeg","200","OK","Indexable","","","122","","https://unityverseacademy.com/uploads/p/p/s/2b-oyun-karakter-tasarimi-ve-animasyon-canli-online-egitimi_1.jpg?v=1759406018"
"https://unityverseacademy.com/urun/unity-ile-oyun-gelistirme-canli-online-egitimi-staj-garantili-17/","text/html; charset=utf-8","200","OK","Indexable","","6f7ee6507dbcfe015a864d9d9f03ee8","100","https://unityverseacademy.com/urun/unity-ile-oyun-gelistirme-canli-online-egitimi-staj-garantili-17/","https://unityverseacademy.com/urun/unity-ile-oyun-gelistirme-canli-online-egitimi-staj-garantili-17/"
"https://unityverseacademy.com/public/tema10/css/swiper-bundle.min.css?v=5.4.94","text/css; charset=UTF-8","200","OK","Indexable","","","78","","https://unityverseacademy.com/public/tema10/css/swiper-bundle.min.css?v=5.4.94"
"https://unityverseacademy.com/uploads/p/cd/B83sAeRW67zU.webp","image/webp","200","OK","Indexable","","","60","","https://unityverseacademy.com/uploads/p/cd/B83sAeRW67zU.webp"
"https://unityverseacademy.com/uploads/p/p/s/unity-ile-oyun-gelistirme-yuz-yuze-egitimi_1.jpeg?v=1714312888","image/jpeg","200","OK","Indexable","","","106","","https://unityverseacademy.com/uploads/p/p/s/unity-ile-oyun-gelistirme-yuz-yuze-egitimi_1.jpeg?v=1714312888"
"https://unityverseacademy.com/public/tema10/css/legacy-header-layout.css?v=20260714","text/css; charset=UTF-8","200","OK","Indexable","","","83","","https://unityverseacademy.com/public/tema10/css/legacy-header-layout.css?v=20260714"
"https://unityverseacademy.com/kategori/mimarlik-egitimleri-259/","text/html; charset=utf-8","200","OK","Indexable","","7caa7bc6c9c8dd7e2aeaea66adda56a9","63","https://unityverseacademy.com/kategori/mimarlik-egitimleri-259/","https://unityverseacademy.com/kategori/mimarlik-egitimleri-259/"
"https://unityverseacademy.com/sayfa/hakkimizda-25/","text/html; charset=utf-8","200","OK","Indexable","","d34a995b3830ca777d103eacd211b1e9","50","https://unityverseacademy.com/sayfa/hakkimizda-25/","https://unityverseacademy.com/sayfa/hakkimizda-25/"
"https://unityverseacademy.com/public/tema10/js/jquery-2.2.4.min.js?v=5.4.94","application/javascript; charset=UTF-8","200","OK","Indexable","","","75","","https://unityverseacademy.com/public/tema10/js/jquery-2.2.4.min.js?v=5.4.94"
"https://unityverseacademy.com/blog-detay/suleyman-ozgonul-oyun-gelistiricilikte-zirveye-giden-yol-129/","text/html; charset=utf-8","200","OK","Indexable","","e62e3da9bce2073210ecf0066ac79a9b","102","https://unityverseacademy.com/blog-detay/suleyman-ozgonul-oyun-gelistiricilikte-zirveye-giden-yol-129/","https://unityverseacademy.com/blog-detay/suleyman-ozgonul-oyun-gelistiricilikte-zirveye-giden-yol-129/"
"https://unityverseacademy.com/uploads/p/cd/HXFyN3EqRoYC.webp","image/webp","200","OK","Indexable","","","60","","https://unityverseacademy.com/uploads/p/cd/HXFyN3EqRoYC.webp"
"https://unityverseacademy.com/public/tema10/css/owl.carousel.css?v=5.4.94","text/css; charset=UTF-8","200","OK","Indexable","","","73","","https://unityverseacademy.com/public/tema10/css/owl.carousel.css?v=5.4.94"
"https://unityverseacademy.com/urun/profesyonel-3b-modelleme-dijital-sanat-programi-online-1/","text/html; charset=utf-8","200","OK","Indexable","","9e241ca6b517ba54c4a4f7e328dc652b","92","https://unityverseacademy.com/urun/profesyonel-3b-modelleme-dijital-sanat-programi-online-1/","https://unityverseacademy.com/urun/profesyonel-3b-modelleme-dijital-sanat-programi-online-1/"
"https://unityverseacademy.com/public/tema10/css/cookieconsent.css?v=5.4.94","text/css; charset=UTF-8","200","OK","Indexable","","","74","","https://unityverseacademy.com/public/tema10/css/cookieconsent.css?v=5.4.94"
"https://unityverseacademy.com/kategori/mimarlik-egitimleri-ozel-ders-274/","text/html; charset=utf-8","200","OK","Indexable","","33ca3ecc954123e76918fed339c64e38","73","https://unityverseacademy.com/kategori/mimarlik-egitimleri-ozel-ders-274/","https://unityverseacademy.com/kategori/mimarlik-egitimleri-ozel-ders-274/"
"https://unityverseacademy.com/uploads/p/p/s/unity-ile-oyun-gelistirme-canli-online-egitimi_1.jpeg?v=1714312907","image/jpeg","200","OK","Indexable","","","110","","https://unityverseacademy.com/uploads/p/p/s/unity-ile-oyun-gelistirme-canli-online-egitimi_1.jpeg?v=1714312907"
"https://unityverseacademy.com/blog-detay/filiz-tumuklunun-yazilim-test-otomasyonu-egitimi-ve-kariyer-basarisi-90/","text/html; charset=utf-8","200","OK","Indexable","","9cf41cc260dd6b9f05db0d7b7fed8fc","113","https://unityverseacademy.com/blog-detay/filiz-tumuklunun-yazilim-test-otomasyonu-egitimi-ve-kariyer-basarisi-90/","https://unityverseacademy.com/blog-detay/filiz-tumuklunun-yazilim-test-otomasyonu-egitimi-ve-kariyer-basarisi-90/"
"https://unityverseacademy.com/kategori/dijital-pazarlama-egitimleri-255/","text/html; charset=utf-8","200","OK","Indexable","","12f5e71f57ea4a1fe97c5a8130c1e195","72","https://unityverseacademy.com/kategori/dijital-pazarlama-egitimleri-255/","https://unityverseacademy.com/kategori/dijital-pazarlama-egitimleri-255/"
"https://unityverseacademy.com/public/tema10/font-awesome/css/font-awesome.min.css?v=5.4.94","text/css; charset=UTF-8","200","OK","Indexable","","","90","","https://unityverseacademy.com/public/tema10/font-awesome/css/font-awesome.min.css?v=5.4.94"
"https://unityverseacademy.com/kategori/ozel-dersler-256/","text/html; charset=utf-8","200","OK","Indexable","","fb976026a4d2dba19e31e98cd66052ea","56","https://unityverseacademy.com/kategori/ozel-dersler-256/","https://unityverseacademy.com/kategori/ozel-dersler-256/"
"https://unityverseacademy.com/form/hemen-bilgi-al-1/","","0","Blocked by robots.txt","Non-Indexable","Blocked by robots.txt","","52","","https://unityverseacademy.com/form/hemen-bilgi-al-1/"
"https://unityverseacademy.com/urun/2b-cizgi-film-ve-animasyon-uzmanligi-canli-online-egitimi-565/","text/html; charset=utf-8","200","OK","Indexable","","7a79524a5d0088c61d3794a432d8f020","97","https://unityverseacademy.com/urun/2b-cizgi-film-ve-animasyon-uzmanligi-canli-online-egitimi-565/","https://unityverseacademy.com/urun/2b-cizgi-film-ve-animasyon-uzmanligi-canli-online-egitimi-565/"
"https://unityverseacademy.com/uye-ol/","","0","Blocked by robots.txt","Non-Indexable","Blocked by robots.txt","","37","","https://unityverseacademy.com/uye-ol/"
"https://unityverseacademy.com/uye/sepet/","","0","Blocked by robots.txt","Non-Indexable","Blocked by robots.txt","","40","","https://unityverseacademy.com/uye/sepet/"
"https://unityverseacademy.com/os/KARIYER-14/","text/html; charset=utf-8","200","OK","Non-Indexable","Canonicalised","23972be48667a277d0f14e448a14d777","44","https://unityverseacademy.com/os/kariyer-is-14/","https://unityverseacademy.com/os/KARIYER-14/"
"https://unityverseacademy.com/public/tema10/js/themejs/application.js?v=5.4.94","application/javascript; charset=UTF-8","200","OK","Indexable","","","78","","https://unityverseacademy.com/public/tema10/js/themejs/application.js?v=5.4.94"
"https://unityverseacademy.com/blog-detay/burak-ercayanin-yazilim-test-otomasyonu-egitimi-ve-testiniumdaki-isi-88/","text/html; charset=utf-8","200","OK","Indexable","","1dcde5173ed63451be3fc9d5b5cdf793","113","https://unityverseacademy.com/blog-detay/burak-ercayanin-yazilim-test-otomasyonu-egitimi-ve-testiniumdaki-isi-88/","https://unityverseacademy.com/blog-detay/burak-ercayanin-yazilim-test-otomasyonu-egitimi-ve-testiniumdaki-isi-88/"
"https://unityverseacademy.com/uploads/p/cd/gpM3HDtTk9KZ.webp","image/webp","200","OK","Indexable","","","60","","https://unityverseacademy.com/uploads/p/cd/gpM3HDtTk9KZ.webp"
"https://unityverseacademy.com/uploads/p/cd/lQveczHUdfBT.webp","image/webp","200","OK","Indexable","","","60","","https://unityverseacademy.com/uploads/p/cd/lQveczHUdfBT.webp"
"https://unityverseacademy.com/uploads/p/cd/8bxdytVDaPoT.webp","image/webp","200","OK","Indexable","","","60","","https://unityverseacademy.com/uploads/p/cd/8bxdytVDaPoT.webp"
"https://unityverseacademy.com/sayfa/kisisel-verilerin-korunmasi-hakkinda-aydinlatma-bildirimi-29/","text/html; charset=utf-8","200","OK","Indexable","","e680af4a43205ae91144e53c6f20d140","97","https://unityverseacademy.com/sayfa/kisisel-verilerin-korunmasi-hakkinda-aydinlatma-bildirimi-29/","https://unityverseacademy.com/sayfa/kisisel-verilerin-korunmasi-hakkinda-aydinlatma-bildirimi-29/"
"https://unityverseacademy.com/public/tema10/css/bootstrap/css/bootstrap.min.css?v=5.4.94","text/css; charset=UTF-8","200","OK","Indexable","","","88","","https://unityverseacademy.com/public/tema10/css/bootstrap/css/bootstrap.min.css?v=5.4.94"
"https://unityverseacademy.com/blog-detay/elif-arslanin-yazilim-gelistirici-olarak-ayakkabi-dunyasindaki-baslangici-94/","text/html; charset=utf-8","200","OK","Indexable","","be4ee1b16fe99a622a5e02cf002bad50","118","https://unityverseacademy.com/blog-detay/elif-arslanin-yazilim-gelistirici-olarak-ayakkabi-dunyasindaki-baslangici-94/","https://unityverseacademy.com/blog-detay/elif-arslanin-yazilim-gelistirici-olarak-ayakkabi-dunyasindaki-baslangici-94/"
"https://unityverseacademy.com/kategori/muhasebe-ve-ofis-egitimleri-258/","text/html; charset=utf-8","200","OK","Indexable","","c650b60b8d16ae890de3b50112f39083","71","https://unityverseacademy.com/kategori/muhasebe-ve-ofis-egitimleri-258/","https://unityverseacademy.com/kategori/muhasebe-ve-ofis-egitimleri-258/"
"https://unityverseacademy.com/blog-detay/oguzhan-durakin-grafik-tasarim-ve-video-kurgu-alanindaki-yolculugu-100/","text/html; charset=utf-8","200","OK","Indexable","","f49be47314b4d176d2780fd2d198e86c","112","https://unityverseacademy.com/blog-detay/oguzhan-durakin-grafik-tasarim-ve-video-kurgu-alanindaki-yolculugu-100/","https://unityverseacademy.com/blog-detay/oguzhan-durakin-grafik-tasarim-ve-video-kurgu-alanindaki-yolculugu-100/"
"https://unityverseacademy.com/public/tema10/css/themecss/lib.css?v=5.4.94","text/css; charset=UTF-8","200","OK","Indexable","","","73","","https://unityverseacademy.com/public/tema10/css/themecss/lib.css?v=5.4.94"
"https://unityverseacademy.com/public/tema10/js/scripts.js?v=5.4.110","application/javascript; charset=UTF-8","200","OK","Indexable","","","67","","https://unityverseacademy.com/public/tema10/js/scripts.js?v=5.4.110"
"https://unityverseacademy.com/sayfa/mesafeli-satis-sozlesmesi-26/","text/html; charset=utf-8","200","OK","Indexable","","6df8eb2d41b23f95da698cbfa94b509e","65","https://unityverseacademy.com/sayfa/mesafeli-satis-sozlesmesi-26/","https://unityverseacademy.com/sayfa/mesafeli-satis-sozlesmesi-26/"
"https://unityverseacademy.com/urun/2b-oyun-karakter-tasarimi-ve-animasyon-canli-online-egitimi-553/","text/html; charset=utf-8","200","OK","Indexable","","d6249121118c7e745fca7febc6e2d561","99","https://unityverseacademy.com/urun/2b-oyun-karakter-tasarimi-ve-animasyon-canli-online-egitimi-553/","https://unityverseacademy.com/urun/2b-oyun-karakter-tasarimi-ve-animasyon-canli-online-egitimi-553/"
"https://unityverseacademy.com/blog-detay/berkay-kurt-multiplayer-oyun-gelistiriciliginde-bir-yildiz-130/","text/html; charset=utf-8","200","OK","Indexable","","d1abadf1bb7b1d135a9bf42a10644044","104","https://unityverseacademy.com/blog-detay/berkay-kurt-multiplayer-oyun-gelistiriciliginde-bir-yildiz-130/","https://unityverseacademy.com/blog-detay/berkay-kurt-multiplayer-oyun-gelistiriciliginde-bir-yildiz-130/"
"https://unityverseacademy.com/blog-detay/fatih-yilmazin-yazilim-yolculugu-ve-lufthansadaki-basarisi-91/","text/html; charset=utf-8","200","OK","Indexable","","e90e63630cf252e4d386398ebb5ceea","103","https://unityverseacademy.com/blog-detay/fatih-yilmazin-yazilim-yolculugu-ve-lufthansadaki-basarisi-91/","https://unityverseacademy.com/blog-detay/fatih-yilmazin-yazilim-yolculugu-ve-lufthansadaki-basarisi-91/"
"https://unityverseacademy.com/uploads/f/pblcookie.js","application/javascript; charset=UTF-8","200","OK","Indexable","","","52","","https://unityverseacademy.com/uploads/f/pblcookie.js"
"https://unityverseacademy.com/uploads/p/cd/hzfpok91vjDW.webp","image/webp","200","OK","Indexable","","","60","","https://unityverseacademy.com/uploads/p/cd/hzfpok91vjDW.webp"
"https://unityverseacademy.com/public/tema10/js/owl-carousel/owl.carousel.js?v=5.4.94","application/javascript; charset=UTF-8","200","OK","Indexable","","","84","","https://unityverseacademy.com/public/tema10/js/owl-carousel/owl.carousel.js?v=5.4.94"
"https://unityverseacademy.com/uploads/p/p/s/grafik-tasarim-ve-video-efekt-uzmanligi-canli-online-egitimi-staj-garantili_1.jpg?v=1759585838","image/jpeg","200","OK","Indexable","","","138","","https://unityverseacademy.com/uploads/p/p/s/grafik-tasarim-ve-video-efekt-uzmanligi-canli-online-egitimi-staj-garantili_1.jpg?v=1759585838"
"https://unityverseacademy.com/uploads/p/cd/Vqa2u5oRBlv1.png","image/png","200","OK","Indexable","","","59","","https://unityverseacademy.com/uploads/p/cd/Vqa2u5oRBlv1.png"
"https://unityverseacademy.com/kategori/3d-modelleme-ozel-ders-273/","text/html; charset=utf-8","200","OK","Indexable","","c3ca1926bf4d914adce2eb9356f67487","66","https://unityverseacademy.com/kategori/3d-modelleme-ozel-ders-273/","https://unityverseacademy.com/kategori/3d-modelleme-ozel-ders-273/"
"https://unityverseacademy.com/uploads/p/cd/BmsMLDdFV9vR.webp","image/webp","200","OK","Indexable","","","60","","https://unityverseacademy.com/uploads/p/cd/BmsMLDdFV9vR.webp"
"https://unityverseacademy.com/sifremi-unuttum/","","0","Blocked by robots.txt","Non-Indexable","Blocked by robots.txt","","46","","https://unityverseacademy.com/sifremi-unuttum/"
"https://unityverseacademy.com/public/tema10/js/modernizr/modernizr-2.6.2.min.js?v=5.4.94","application/javascript; charset=UTF-8","200","OK","Indexable","","","88","","https://unityverseacademy.com/public/tema10/js/modernizr/modernizr-2.6.2.min.js?v=5.4.94"
"https://unityverseacademy.com/uploads/p/cd/AHREgDJ51l30.webp","image/webp","200","OK","Indexable","","","60","","https://unityverseacademy.com/uploads/p/cd/AHREgDJ51l30.webp"
"https://unityverseacademy.com/public/tema10/js/datetimepicker/bootstrap-datetimepicker.min.js?v=5.4.94","application/javascript; charset=UTF-8","200","OK","Indexable","","","102","","https://unityverseacademy.com/public/tema10/js/datetimepicker/bootstrap-datetimepicker.min.js?v=5.4.94"
"https://unityverseacademy.com/tum-urunler/","text/html; charset=utf-8","200","OK","Indexable","","bcd26e74560ed393e183e37d484eeddd","42","https://unityverseacademy.com/tum-urunler/","https://unityverseacademy.com/tum-urunler/"
"https://unityverseacademy.com/blog-detay/basari-hikâyesi-melike-cetinin-lc-waikikideki-doku-kaplama-ve-desen-tasarimi-yolculugu-105/","text/html; charset=utf-8","301","Moved Permanently","Non-Indexable","Redirected","","132","","https://unityverseacademy.com/blog-detay/basari-hik%C3%A2yesi-melike-cetinin-lc-waikikideki-doku-kaplama-ve-desen-tasarimi-yolculugu-105/"
"https://unityverseacademy.com/kategori/endustriyel-urun-tasarim-egitimleri-253/","text/html; charset=utf-8","200","OK","Indexable","","e1aee902465c322a3f08f4c4b671903f","79","https://unityverseacademy.com/kategori/endustriyel-urun-tasarim-egitimleri-253/","https://unityverseacademy.com/kategori/endustriyel-urun-tasarim-egitimleri-253/"
"https://unityverseacademy.com/Captcha?width=100&height=34&characters=6&type=askus","","0","Blocked by robots.txt","Non-Indexable","Blocked by robots.txt","","81","","https://unityverseacademy.com/Captcha?width=100&height=34&characters=6&type=askus"
"https://unityverseacademy.com/sayfa/kvkk-aydinlatma-metni/","text/html; charset=utf-8","200","OK","Non-Indexable","Canonicalised","e680af4a43205ae91144e53c6f20d140","58","https://unityverseacademy.com/sayfa/kisisel-verilerin-korunmasi-hakkinda-aydinlatma-bildirimi-29/","https://unityverseacademy.com/sayfa/kvkk-aydinlatma-metni/"
"https://unityverseacademy.com/uploads/p/cd/4RGnxhqCrAQj.webp","image/webp","200","OK","Indexable","","","60","","https://unityverseacademy.com/uploads/p/cd/4RGnxhqCrAQj.webp"
"https://unityverseacademy.com/uploads/p/p/s/2b-cizgi-film-ve-animasyon-uzmanligi-canli-online-egitimi_2.jpg?v=1759405086","image/jpeg","200","OK","Indexable","","","120","","https://unityverseacademy.com/uploads/p/p/s/2b-cizgi-film-ve-animasyon-uzmanligi-canli-online-egitimi_2.jpg?v=1759405086"
"https://unityverseacademy.com/kategori/ses-tasarim-egitimleri-251/","text/html; charset=utf-8","200","OK","Indexable","","70ed61f0f5c4ede076e7193dcf3df943","66","https://unityverseacademy.com/kategori/ses-tasarim-egitimleri-251/","https://unityverseacademy.com/kategori/ses-tasarim-egitimleri-251/"
"https://unityverseacademy.com/public/tema10/js/jquery.lazy.min.js?v=5.4.94","application/javascript; charset=UTF-8","200","OK","Indexable","","","74","","https://unityverseacademy.com/public/tema10/js/jquery.lazy.min.js?v=5.4.94"
"https://unityverseacademy.com/kategori/yazilim-egitimleri-ozel-ders-268/","text/html; charset=utf-8","200","OK","Indexable","","59319e08efd04a1a9f70fa304d37e739","72","https://unityverseacademy.com/kategori/yazilim-egitimleri-ozel-ders-268/","https://unityverseacademy.com/kategori/yazilim-egitimleri-ozel-ders-268/"
"https://unityverseacademy.com/uploads/p/cd/yISe6HskUAO8.webp","image/webp","200","OK","Indexable","","","60","","https://unityverseacademy.com/uploads/p/cd/yISe6HskUAO8.webp"
"https://unityverseacademy.com/public/tema10/js/custom-design/slick.min.js?v=5.4.94","application/javascript; charset=UTF-8","200","OK","Indexable","","","82","","https://unityverseacademy.com/public/tema10/js/custom-design/slick.min.js?v=5.4.94"
"https://unityverseacademy.com/blog/","text/html; charset=utf-8","200","OK","Indexable","","c327b6b3c3fcca4164bd3544ffa7e087","35","https://unityverseacademy.com/blog/","https://unityverseacademy.com/blog/"
"https://unityverseacademy.com/blog-detay/gorkem-tekinin-vakif-katilimdaki-backend-developer-yolculugu-96/","text/html; charset=utf-8","200","OK","Indexable","","407de6c5d1b5fc7a7dae0b25d354cd63","105","https://unityverseacademy.com/blog-detay/gorkem-tekinin-vakif-katilimdaki-backend-developer-yolculugu-96/","https://unityverseacademy.com/blog-detay/gorkem-tekinin-vakif-katilimdaki-backend-developer-yolculugu-96/"
"https://unityverseacademy.com/os/KURUMSAL-EGITIMLER-10/","text/html; charset=utf-8","200","OK","Non-Indexable","Canonicalised","e7a4f3b48161e878302c9750c8145a45","55","https://unityverseacademy.com/os/kurumsal-egitimler-10/","https://unityverseacademy.com/os/KURUMSAL-EGITIMLER-10/"
"https://unityverseacademy.com/public/tema10/css/responsive.css?v=5.4.94","text/css; charset=UTF-8","200","OK","Indexable","","","71","","https://unityverseacademy.com/public/tema10/css/responsive.css?v=5.4.94"
"https://unityverseacademy.com/uploads/p/o/M8NILhl4t7HF.jpg?v=1701782743","image/jpeg","200","OK","Indexable","","","71","","https://unityverseacademy.com/uploads/p/o/M8NILhl4t7HF.jpg?v=1701782743"
"https://unityverseacademy.com/public/tema10/js/member-header.js?v=1","application/javascript; charset=UTF-8","200","OK","Indexable","","","67","","https://unityverseacademy.com/public/tema10/js/member-header.js?v=1"
"https://unityverseacademy.com/kategori/grafik-tasarim-ozel-ders-269/","text/html; charset=utf-8","200","OK","Indexable","","8ba107f1b784a388df5564db6fc8a846","68","https://unityverseacademy.com/kategori/grafik-tasarim-ozel-ders-269/","https://unityverseacademy.com/kategori/grafik-tasarim-ozel-ders-269/"
"https://unityverseacademy.com/uploads/p/cd/lE0itIZcqLCW.webp","image/webp","200","OK","Indexable","","","60","","https://unityverseacademy.com/uploads/p/cd/lE0itIZcqLCW.webp"
"https://unityverseacademy.com/urun/grafik-tasarim-ve-video-efekt-uzmanligi-canli-online-egitimi-staj-garantili-564/","text/html; charset=utf-8","200","OK","Indexable","","9b5f4ca90e2f594945d1985bf583e452","115","https://unityverseacademy.com/urun/grafik-tasarim-ve-video-efekt-uzmanligi-canli-online-egitimi-staj-garantili-564/","https://unityverseacademy.com/urun/grafik-tasarim-ve-video-efekt-uzmanligi-canli-online-egitimi-staj-garantili-564/"
"https://unityverseacademy.com/uploads/p/cd/6FMJGd1m4zHY.webp","image/webp","200","OK","Indexable","","","60","","https://unityverseacademy.com/uploads/p/cd/6FMJGd1m4zHY.webp"
"https://unityverseacademy.com/public/tema10/js/dcjqaccordion/jquery.dcjqaccordion.2.8.min.js?v=5.4.94","application/javascript; charset=UTF-8","200","OK","Indexable","","","101","","https://unityverseacademy.com/public/tema10/js/dcjqaccordion/jquery.dcjqaccordion.2.8.min.js?v=5.4.94"
"https://unityverseacademy.com/blog-detay/begum-kiroglunun-grafik-tasarim-ve-video-kurgu-alanindaki-yolculugu-98/","text/html; charset=utf-8","200","OK","Indexable","","cb23b7e213541f7c64970ad89300b4ac","112","https://unityverseacademy.com/blog-detay/begum-kiroglunun-grafik-tasarim-ve-video-kurgu-alanindaki-yolculugu-98/","https://unityverseacademy.com/blog-detay/begum-kiroglunun-grafik-tasarim-ve-video-kurgu-alanindaki-yolculugu-98/"
"https://unityverseacademy.com/uploads/p/cd/yNjxbAfrewsU.webp","image/webp","200","OK","Indexable","","","60","","https://unityverseacademy.com/uploads/p/cd/yNjxbAfrewsU.webp"
"https://unityverseacademy.com/uploads/p/cd/jUF0TXSKhpxI.png","image/png","200","OK","Indexable","","","59","","https://unityverseacademy.com/uploads/p/cd/jUF0TXSKhpxI.png"
"https://unityverseacademy.com/urun/c-programlama-canli-online-egitimi-10/","text/html; charset=utf-8","200","OK","Indexable","","c772b5dc371204e761cefb909baf03c5","73","https://unityverseacademy.com/urun/c-programlama-canli-online-egitimi-10/","https://unityverseacademy.com/urun/c-programlama-canli-online-egitimi-10/"
"https://unityverseacademy.com/uploads/p/cd/DHpznJYyvjk7.webp","image/webp","200","OK","Indexable","","","60","","https://unityverseacademy.com/uploads/p/cd/DHpznJYyvjk7.webp"
"https://unityverseacademy.com/kategori/dil-egitimleri-257/","text/html; charset=utf-8","200","OK","Indexable","","a4e53f44ce8c475ebfbb2bbe90efdc71","58","https://unityverseacademy.com/kategori/dil-egitimleri-257/","https://unityverseacademy.com/kategori/dil-egitimleri-257/"
"https://unityverseacademy.com/uploads/p/o/yfTW41vdMOxS.jpg?v=1701783131","image/jpeg","200","OK","Indexable","","","71","","https://unityverseacademy.com/uploads/p/o/yfTW41vdMOxS.jpg?v=1701783131"
"https://unityverseacademy.com/uye-girisi/","","0","Blocked by robots.txt","Non-Indexable","Blocked by robots.txt","","41","","https://unityverseacademy.com/uye-girisi/"
"https://unityverseacademy.com/uploads/p/p/s/blender-3b-oyun-modelleme-canli-online-egitim_1.jpg?v=1762940609","image/jpeg","200","OK","Indexable","","","108","","https://unityverseacademy.com/uploads/p/p/s/blender-3b-oyun-modelleme-canli-online-egitim_1.jpg?v=1762940609"
"https://unityverseacademy.com/urun/dijital-oyun-muzigi-teknikleri-canli-online-egitimi-650/","text/html; charset=utf-8","200","OK","Indexable","","1616205a00baa702b57e3dada1bebdf5","91","https://unityverseacademy.com/urun/dijital-oyun-muzigi-teknikleri-canli-online-egitimi-650/","https://unityverseacademy.com/urun/dijital-oyun-muzigi-teknikleri-canli-online-egitimi-650/"
"https://unityverseacademy.com/public/tema10/js/custom-design/owl.carousel.js?v=5.4.94","application/javascript; charset=UTF-8","200","OK","Indexable","","","85","","https://unityverseacademy.com/public/tema10/js/custom-design/owl.carousel.js?v=5.4.94"
"https://unityverseacademy.com/public/tema10/js/unveil/jquery.unveil.js?v=5.4.94","application/javascript; charset=UTF-8","200","OK","Indexable","","","79","","https://unityverseacademy.com/public/tema10/js/unveil/jquery.unveil.js?v=5.4.94"
"https://unityverseacademy.com/uploads/p/p/s/c-programlama-canli-online-egitimi_2.jpg?v=1696601125","image/jpeg","200","OK","Indexable","","","97","","https://unityverseacademy.com/uploads/p/p/s/c-programlama-canli-online-egitimi_2.jpg?v=1696601125"
"https://unityverseacademy.com/public/tema10/css/themecss/so_megamenu.css?v=5.4.94","text/css; charset=UTF-8","200","OK","Indexable","","","81","","https://unityverseacademy.com/public/tema10/css/themecss/so_megamenu.css?v=5.4.94"
"https://unityverseacademy.com/blog-detay/basari-hikâyesi-gokce-yilmaz-barunun-shopcutebutcreepy-markasiyla-girisimcilik-yolculugu-109/","text/html; charset=utf-8","301","Moved Permanently","Non-Indexable","Redirected","","134","","https://unityverseacademy.com/blog-detay/basari-hik%C3%A2yesi-gokce-yilmaz-barunun-shopcutebutcreepy-markasiyla-girisimcilik-yolculugu-109/"
"https://unityverseacademy.com/public/tema10/css/themecss/so-listing-tabs.css?v=5.4.94","text/css; charset=UTF-8","200","OK","Indexable","","","85","","https://unityverseacademy.com/public/tema10/css/themecss/so-listing-tabs.css?v=5.4.94"
"https://unityverseacademy.com/blog-detay/suat-erizin-ayes-celikteki-yazilim-gelistirici-ve-kalite-kontrol-gorevi-97/","text/html; charset=utf-8","200","OK","Indexable","","461de0d389c6cf4a7259195b2973bf66","116","https://unityverseacademy.com/blog-detay/suat-erizin-ayes-celikteki-yazilim-gelistirici-ve-kalite-kontrol-gorevi-97/","https://unityverseacademy.com/blog-detay/suat-erizin-ayes-celikteki-yazilim-gelistirici-ve-kalite-kontrol-gorevi-97/"
"https://unityverseacademy.com/uploads/p/p/s/profesyonel-3b-modelleme-dijital-sanat-programi-online_1.jpg?v=1757508001","image/jpeg","200","OK","Indexable","","","117","","https://unityverseacademy.com/uploads/p/p/s/profesyonel-3b-modelleme-dijital-sanat-programi-online_1.jpg?v=1757508001"
"https://unityverseacademy.com/urun/grafik-tasarim-ve-video-efekt-uzmanligi-yuz-yuze-egitimi-staj-garantili-613/","text/html; charset=utf-8","200","OK","Indexable","","c01b0a22e25acd30dc68fce4d3f5b292","111","https://unityverseacademy.com/urun/grafik-tasarim-ve-video-efekt-uzmanligi-yuz-yuze-egitimi-staj-garantili-613/","https://unityverseacademy.com/urun/grafik-tasarim-ve-video-efekt-uzmanligi-yuz-yuze-egitimi-staj-garantili-613/"
"https://unityverseacademy.com/urun/unity-ile-oyun-gelistirme-yuz-yuze-egitimi-staj-garantili-598/","text/html; charset=utf-8","200","OK","Indexable","","597786355281eb8151e6c7fa0a86e8ff","97","https://unityverseacademy.com/urun/unity-ile-oyun-gelistirme-yuz-yuze-egitimi-staj-garantili-598/","https://unityverseacademy.com/urun/unity-ile-oyun-gelistirme-yuz-yuze-egitimi-staj-garantili-598/"
"https://unityverseacademy.com/uploads/p/cd/wtZkNKoFClWI.png","image/png","200","OK","Indexable","","","59","","https://unityverseacademy.com/uploads/p/cd/wtZkNKoFClWI.png"
"https://unityverseacademy.com/uploads/p/p/s/yazilim-test-otomasyonu-canli-online-egitimi-staj-garantili_1.jpg?v=1761897326","image/jpeg","200","OK","Indexable","","","122","","https://unityverseacademy.com/uploads/p/p/s/yazilim-test-otomasyonu-canli-online-egitimi-staj-garantili_1.jpg?v=1761897326"
"https://unityverseacademy.com/public/tema10/js/themejs/so_megamenu.js?v=5.4.94","application/javascript; charset=UTF-8","200","OK","Indexable","","","78","","https://unityverseacademy.com/public/tema10/js/themejs/so_megamenu.js?v=5.4.94"
"https://unityverseacademy.com/urun/blender-3b-oyun-modelleme-canli-online-egitim-2/","text/html; charset=utf-8","200","OK","Indexable","","725cc39221fc774c544ee74949a320c9","83","https://unityverseacademy.com/urun/blender-3b-oyun-modelleme-canli-online-egitim-2/","https://unityverseacademy.com/urun/blender-3b-oyun-modelleme-canli-online-egitim-2/"
"https://unityverseacademy.com/uploads/p/cd/JPNuanLj73k0.webp","image/webp","200","OK","Indexable","","","60","","https://unityverseacademy.com/uploads/p/cd/JPNuanLj73k0.webp"
"https://unityverseacademy.com/public/tema10/js/themejs/homepage.js?v=5.4.94","application/javascript; charset=UTF-8","200","OK","Indexable","","","75","","https://unityverseacademy.com/public/tema10/js/themejs/homepage.js?v=5.4.94"
"https://unityverseacademy.com/uploads/p/p/s/dijital-oyun-muzigi-teknikleri-canli-online-egitimi_2.jpg?v=1759590545","image/jpeg","200","OK","Indexable","","","114","","https://unityverseacademy.com/uploads/p/p/s/dijital-oyun-muzigi-teknikleri-canli-online-egitimi_2.jpg?v=1759590545"
"https://unityverseacademy.com/urun/yazilim-uzmanligi-yuz-yuze-egitimi-staj-garantili-669/","text/html; charset=utf-8","200","OK","Indexable","","db57aad59a2d771fd027615c899e86a9","89","https://unityverseacademy.com/urun/yazilim-uzmanligi-yuz-yuze-egitimi-staj-garantili-669/","https://unityverseacademy.com/urun/yazilim-uzmanligi-yuz-yuze-egitimi-staj-garantili-669/"
"https://unityverseacademy.com/kategori/grafik-tasarim-egitimleri-246/","text/html; charset=utf-8","200","OK","Indexable","","ea218231a33dcb10485c1ab8c9c8e9a6","69","https://unityverseacademy.com/kategori/grafik-tasarim-egitimleri-246/","https://unityverseacademy.com/kategori/grafik-tasarim-egitimleri-246/"
"https://unityverseacademy.com/uploads/p/p/s/grafik-tasarim-ve-video-efekt-uzmanligi-yuz-yuze-egitimi-staj-garantili_1.jpg?v=1763219437","image/jpeg","200","OK","Indexable","","","134","","https://unityverseacademy.com/uploads/p/p/s/grafik-tasarim-ve-video-efekt-uzmanligi-yuz-yuze-egitimi-staj-garantili_1.jpg?v=1763219437"
"https://unityverseacademy.com/blog-detay/enes-bugra-cengizin-full-stack-developer-yolculugu-93/","text/html; charset=utf-8","200","OK","Indexable","","b31df65b9f2bb9c6ddc2596b5a5bc715","95","https://unityverseacademy.com/blog-detay/enes-bugra-cengizin-full-stack-developer-yolculugu-93/","https://unityverseacademy.com/blog-detay/enes-bugra-cengizin-full-stack-developer-yolculugu-93/"
"https://unityverseacademy.com/public/tema10/js/datetimepicker/moment.js?v=5.4.94","application/javascript; charset=UTF-8","200","OK","Indexable","","","80","","https://unityverseacademy.com/public/tema10/js/datetimepicker/moment.js?v=5.4.94"
"https://unityverseacademy.com/kategori/matematik-ozel-ders-267/","text/html; charset=utf-8","200","OK","Indexable","","d508de94bdde9d4f6394949a614966af","63","https://unityverseacademy.com/kategori/matematik-ozel-ders-267/","https://unityverseacademy.com/kategori/matematik-ozel-ders-267/"
"https://unityverseacademy.com/uploads/p/cd/XJSd8xB3Twu1.webp","image/webp","200","OK","Indexable","","","60","","https://unityverseacademy.com/uploads/p/cd/XJSd8xB3Twu1.webp"
"https://unityverseacademy.com/urun/yazilim-test-otomasyonu-egitimi-canli-online-egitimi-staj-garantili-7/","text/html; charset=utf-8","200","OK","Indexable","","ae9ed06e92bf6ee78a81e0812026ccc3","105","https://unityverseacademy.com/urun/yazilim-test-otomasyonu-egitimi-canli-online-egitimi-staj-garantili-7/","https://unityverseacademy.com/urun/yazilim-test-otomasyonu-egitimi-canli-online-egitimi-staj-garantili-7/"
"https://unityverseacademy.com/uploads/p/cd/w9pfIhHMitlV.webp","image/webp","200","OK","Indexable","","","60","","https://unityverseacademy.com/uploads/p/cd/w9pfIhHMitlV.webp"
"https://unityverseacademy.com/sayfa/iletisim-5/","text/html; charset=utf-8","200","OK","Non-Indexable","Canonicalised","ec1ea336d52ed77bfa316d25dfd46987","47","https://unityverseacademy.com/sayfa/iletisim-bilgileri-5/","https://unityverseacademy.com/sayfa/iletisim-5/"
"https://unityverseacademy.com/kategori/oyun-gelistirme-ozel-ders-272/","text/html; charset=utf-8","200","OK","Indexable","","570ab84e1421809486ff98edb368f33c","69","https://unityverseacademy.com/kategori/oyun-gelistirme-ozel-ders-272/","https://unityverseacademy.com/kategori/oyun-gelistirme-ozel-ders-272/"
"https://unityverseacademy.com/uploads/p/cd/n0ucoJUlQf9Y.webp","image/webp","200","OK","Indexable","","","60","","https://unityverseacademy.com/uploads/p/cd/n0ucoJUlQf9Y.webp"
"https://unityverseacademy.com/public/tema10/js/bootstrap.min.js?v=5.4.94","application/javascript; charset=UTF-8","200","OK","Indexable","","","72","","https://unityverseacademy.com/public/tema10/js/bootstrap.min.js?v=5.4.94"
"https://unityverseacademy.com/blog-detay/arda-bickinnin-yazilim-test-otomasyonu-egitimi-ve-testiniumdaki-staj-sureci-89/","text/html; charset=utf-8","200","OK","Indexable","","2d69ff270e0835b9a0e23d37f0c7754d","120","https://unityverseacademy.com/blog-detay/arda-bickinnin-yazilim-test-otomasyonu-egitimi-ve-testiniumdaki-staj-sureci-89/","https://unityverseacademy.com/blog-detay/arda-bickinnin-yazilim-test-otomasyonu-egitimi-ve-testiniumdaki-staj-sureci-89/"
"https://unityverseacademy.com/marka/unityverse-academy-1/","","0","Blocked by robots.txt","Non-Indexable","Blocked by robots.txt","","57","","https://unityverseacademy.com/marka/unityverse-academy-1/"
"https://unityverseacademy.com/public/tema10/js/swiper-bundle.min.js?v=5.4.94","application/javascript; charset=UTF-8","200","OK","Indexable","","","76","","https://unityverseacademy.com/public/tema10/js/swiper-bundle.min.js?v=5.4.94"
"https://unityverseacademy.com/uploads/p/cd/z6dJwPINVK1U.png","image/png","200","OK","Indexable","","","59","","https://unityverseacademy.com/uploads/p/cd/z6dJwPINVK1U.png"
"https://unityverseacademy.com/public/tema10/css/mfb.css?v=5.4.94","text/css; charset=UTF-8","200","OK","Indexable","","","64","","https://unityverseacademy.com/public/tema10/css/mfb.css?v=5.4.94"
"https://unityverseacademy.com/uploads/p/p/s/desinatorluk-canli-online-egitimi_2.jpg?v=1699876654","image/jpeg","200","OK","Indexable","","","96","","https://unityverseacademy.com/uploads/p/p/s/desinatorluk-canli-online-egitimi_2.jpg?v=1699876654"
"https://unityverseacademy.com/blog-detay/basari-hikâyesi-gulsah-temelin-eczacibasindaki-3ds-max-tasarim-yolculugu-106/","text/html; charset=utf-8","301","Moved Permanently","Non-Indexable","Redirected","","118","","https://unityverseacademy.com/blog-detay/basari-hik%C3%A2yesi-gulsah-temelin-eczacibasindaki-3ds-max-tasarim-yolculugu-106/"
"https://unityverseacademy.com/blog-detay/osman-derebasinin-grafik-tasarim-ve-video-kurgu-alanindaki-yolculugu-101/","text/html; charset=utf-8","200","OK","Indexable","","ab11e080317d8881c42ff5c63abf4489","114","https://unityverseacademy.com/blog-detay/osman-derebasinin-grafik-tasarim-ve-video-kurgu-alanindaki-yolculugu-101/","https://unityverseacademy.com/blog-detay/osman-derebasinin-grafik-tasarim-ve-video-kurgu-alanindaki-yolculugu-101/"
"https://unityverseacademy.com/kategori/senaryo-sinema-ve-yonetmenlik-egitimleri-252/","text/html; charset=utf-8","200","OK","Indexable","","a6ce40f1e92d00a737c967c922d9b0bd","84","https://unityverseacademy.com/kategori/senaryo-sinema-ve-yonetmenlik-egitimleri-252/","https://unityverseacademy.com/kategori/senaryo-sinema-ve-yonetmenlik-egitimleri-252/"
"https://unityverseacademy.com/kategori/yazilim-egitimleri-245/","text/html; charset=utf-8","200","OK","Indexable","","616eb0751c38c7cc5420a2e5c59125e9","62","https://unityverseacademy.com/kategori/yazilim-egitimleri-245/","https://unityverseacademy.com/kategori/yazilim-egitimleri-245/"
"https://unityverseacademy.com/uploads/p/cd/Zb0gaClUFmEk.webp","image/webp","200","OK","Indexable","","","60","","https://unityverseacademy.com/uploads/p/cd/Zb0gaClUFmEk.webp"
"https://unityverseacademy.com/uploads/p/cd/xL8INMf1WJvz.webp","image/webp","200","OK","Indexable","","","60","","https://unityverseacademy.com/uploads/p/cd/xL8INMf1WJvz.webp"
"https://unityverseacademy.com/urun/2026-python-bootcamp-sifirdan-python-canli-online-egitimi-8/","text/html; charset=utf-8","200","OK","Indexable","","1f2ea5295f9359c14889c5989cb2bc95","95","https://unityverseacademy.com/urun/2026-python-bootcamp-sifirdan-python-canli-online-egitimi-8/","https://unityverseacademy.com/urun/2026-python-bootcamp-sifirdan-python-canli-online-egitimi-8/"
"https://unityverseacademy.com/kategori/3d-modelleme-egitimleri-247/","text/html; charset=utf-8","200","OK","Indexable","","1c952da9016d4d7ef7ef70ad5a1de383","67","https://unityverseacademy.com/kategori/3d-modelleme-egitimleri-247/","https://unityverseacademy.com/kategori/3d-modelleme-egitimleri-247/"
"https://unityverseacademy.com/uploads/p/cd/w2oWBxc7O6gy.png","image/png","200","OK","Indexable","","","59","","https://unityverseacademy.com/uploads/p/cd/w2oWBxc7O6gy.png"
"https://unityverseacademy.com/kategori/staj-garantili-egitimler-266/","text/html; charset=utf-8","200","OK","Indexable","","fe01823c911b3d80e6013997177a9580","68","https://unityverseacademy.com/kategori/staj-garantili-egitimler-266/","https://unityverseacademy.com/kategori/staj-garantili-egitimler-266/"
"https://unityverseacademy.com/sayfa/egitmenler-10/","text/html; charset=utf-8","200","OK","Non-Indexable","Canonicalised","8f8f72d3c2a55d365306f4c570a2759b","50","https://unityverseacademy.com/sayfa/egitmenlerimiz-10/","https://unityverseacademy.com/sayfa/egitmenler-10/"
"https://unityverseacademy.com/uye/fatura-teslimat/","","0","Blocked by robots.txt","Non-Indexable","Blocked by robots.txt","","50","","https://unityverseacademy.com/uye/fatura-teslimat/"
"https://unityverseacademy.com/siparis-takip/","","0","Blocked by robots.txt","Non-Indexable","Blocked by robots.txt","","44","","https://unityverseacademy.com/siparis-takip/"
"https://unityverseacademy.com/blog-detay/basari-hikâyesi-buse-sahinoglunun-eczacibasindaki-3d-tasarim-yolculugu-107/","text/html; charset=utf-8","301","Moved Permanently","Non-Indexable","Redirected","","116","","https://unityverseacademy.com/blog-detay/basari-hik%C3%A2yesi-buse-sahinoglunun-eczacibasindaki-3d-tasarim-yolculugu-107/"
"https://unityverseacademy.com/public/tema10/js/notify.js?v=5.4.94","application/javascript; charset=UTF-8","200","OK","Indexable","","","65","","https://unityverseacademy.com/public/tema10/js/notify.js?v=5.4.94"
"https://unityverseacademy.com/public/tema10/js/datetimepicker/locale-tr.js?v=5.4.94","application/javascript; charset=UTF-8","200","OK","Indexable","","","83","","https://unityverseacademy.com/public/tema10/js/datetimepicker/locale-tr.js?v=5.4.94"
"https://unityverseacademy.com/uploads/p/cd/BQMaSWDnF9Xq.png","image/png","200","OK","Indexable","","","59","","https://unityverseacademy.com/uploads/p/cd/BQMaSWDnF9Xq.png"
"https://unityverseacademy.com/uploads/p/p/s/unity-ile-oyun-gelistirme-canli-online-egitimi-staj-garantili_1.jpeg?v=1781632188","image/jpeg","200","OK","Indexable","","","125","","https://unityverseacademy.com/uploads/p/p/s/unity-ile-oyun-gelistirme-canli-online-egitimi-staj-garantili_1.jpeg?v=1781632188"
"https://unityverseacademy.com/blog-detay/emre-gungorun-sps-senurdaki-robotic-system-developer-yolculugu-95/","text/html; charset=utf-8","200","OK","Indexable","","9da56f8b8085884e636b028746d57c3b","107","https://unityverseacademy.com/blog-detay/emre-gungorun-sps-senurdaki-robotic-system-developer-yolculugu-95/","https://unityverseacademy.com/blog-detay/emre-gungorun-sps-senurdaki-robotic-system-developer-yolculugu-95/"
"https://unityverseacademy.com/blog-detay/can-kalyoncuoglu-hayallerden-gerceklere-128/","text/html; charset=utf-8","200","OK","Indexable","","a3362bf0521e5596493244636e18fcb2","85","https://unityverseacademy.com/blog-detay/can-kalyoncuoglu-hayallerden-gerceklere-128/","https://unityverseacademy.com/blog-detay/can-kalyoncuoglu-hayallerden-gerceklere-128/"
"https://unityverseacademy.com/uploads/fm/WhatsApp_Image_2025-02-20_at_16_28_2714.jpg","image/jpeg","200","OK","Indexable","","","84","","https://unityverseacademy.com/uploads/fm/WhatsApp_Image_2025-02-20_at_16_28_2714.jpg"
"https://unityverseacademy.com/urun/rhino-egitimi-24-saat-online-ozel-ders-1131/","text/html; charset=utf-8","200","OK","Indexable","","babd582510b0ec16dac26435afe2ade0","79","https://unityverseacademy.com/urun/rhino-egitimi-24-saat-online-ozel-ders-1131/","https://unityverseacademy.com/urun/rhino-egitimi-24-saat-online-ozel-ders-1131/"
"https://unityverseacademy.com/urun/unity-ile-oyun-gelistirme-yuz-yuze-ozel-ders-1045/","text/html; charset=utf-8","200","OK","Indexable","","2b327e62ce1aa1cb0ac503ac89aa9808","85","https://unityverseacademy.com/urun/unity-ile-oyun-gelistirme-yuz-yuze-ozel-ders-1045/","https://unityverseacademy.com/urun/unity-ile-oyun-gelistirme-yuz-yuze-ozel-ders-1045/"
"https://unityverseacademy.com/urun/revit-egitimi-yuz-yuze-1581/","text/html; charset=utf-8","200","OK","Indexable","","3d7562346434cad3e9969bf241d78bc8","63","https://unityverseacademy.com/urun/revit-egitimi-yuz-yuze-1581/","https://unityverseacademy.com/urun/revit-egitimi-yuz-yuze-1581/"
"https://unityverseacademy.com/uploads/p/p/unreal-engine-5-ile-kodsuz-oyun-gelistirme-online-canli-egitim_1.jpg?v=1687689899","image/jpeg","200","OK","Indexable","","","123","","https://unityverseacademy.com/uploads/p/p/unreal-engine-5-ile-kodsuz-oyun-gelistirme-online-canli-egitim_1.jpg?v=1687689899"
"https://unityverseacademy.com/uploads/p/p/revit-egitimi-yuz-yuze_1.jpg?v=1763107881","image/jpeg","200","OK","Indexable","","","83","","https://unityverseacademy.com/uploads/p/p/revit-egitimi-yuz-yuze_1.jpg?v=1763107881"
"https://unityverseacademy.com/uploads/p/p/unreal-engine-ile-sanal-gerceklik-ozel-ders-online-canli-egitim_1.jpg?v=1696602726","image/jpeg","200","OK","Indexable","","","124","","https://unityverseacademy.com/uploads/p/p/unreal-engine-ile-sanal-gerceklik-ozel-ders-online-canli-egitim_1.jpg?v=1696602726"
"https://unityverseacademy.com/blog/10/","text/html; charset=utf-8","200","OK","Indexable","","a2526ce82e8e27e1433188afaaf3d996","38","https://unityverseacademy.com/blog/10/","https://unityverseacademy.com/blog/10/"
"https://unityverseacademy.com/uploads/p/p/lineer-cebir-linear-algebra-egitimi-ozel-ders_1.jpg?v=1759324818","image/jpeg","200","OK","Indexable","","","106","","https://unityverseacademy.com/uploads/p/p/lineer-cebir-linear-algebra-egitimi-ozel-ders_1.jpg?v=1759324818"
"https://unityverseacademy.com/uploads/p/p/veri-yapilari-egitimi-ozel-ders_1.jpg?v=1759324987","image/jpeg","200","OK","Indexable","","","92","","https://unityverseacademy.com/uploads/p/p/veri-yapilari-egitimi-ozel-ders_1.jpg?v=1759324987"
"https://unityverseacademy.com/uploads/fm/IMG_503723.jpg","image/jpeg","200","OK","Indexable","","","55","","https://unityverseacademy.com/uploads/fm/IMG_503723.jpg"
"https://unityverseacademy.com/urun/autodesk-fusion-360-endustriyel-urun-tasarimi-uzmanligi-yuz-yuze-ozel-ders-20-saat-1591/","text/html; charset=utf-8","200","OK","Indexable","","eb75f9eb1ae8c9f549cdd806e58fbd7f","123","https://unityverseacademy.com/urun/autodesk-fusion-360-endustriyel-urun-tasarimi-uzmanligi-yuz-yuze-ozel-ders-20-saat-1591/","https://unityverseacademy.com/urun/autodesk-fusion-360-endustriyel-urun-tasarimi-uzmanligi-yuz-yuze-ozel-ders-20-saat-1591/"
"https://unityverseacademy.com/uploads/fm/IMG_511523.jpg","image/jpeg","200","OK","Indexable","","","55","","https://unityverseacademy.com/uploads/fm/IMG_511523.jpg"
"https://unityverseacademy.com/urun/adobe-photoshop-onlinecanli-egitim-779/","text/html; charset=utf-8","200","OK","Indexable","","e5762598bfce1a39bc122ca1d2b9ece8","74","https://unityverseacademy.com/urun/adobe-photoshop-onlinecanli-egitim-779/","https://unityverseacademy.com/urun/adobe-photoshop-onlinecanli-egitim-779/"
"https://unityverseacademy.com/uploads/fm/image81.png","image/png","200","OK","Indexable","","","52","","https://unityverseacademy.com/uploads/fm/image81.png"
"https://unityverseacademy.com/urun/mimarlik-ic-mimarlik-icin-3d-tasarim-ve-gorsellestirme-egitimi-online-1549/","text/html; charset=utf-8","200","OK","Indexable","","7a9a5f37943d7b5773bbcb1b89d12b5f","110","https://unityverseacademy.com/urun/mimarlik-ic-mimarlik-icin-3d-tasarim-ve-gorsellestirme-egitimi-online-1549/","https://unityverseacademy.com/urun/mimarlik-ic-mimarlik-icin-3d-tasarim-ve-gorsellestirme-egitimi-online-1549/"
"https://unityverseacademy.com/urun/fen-bilimleri-egitimi-ozel-ders-1430/","text/html; charset=utf-8","200","OK","Indexable","","29d5f3d87563eaf868cf445db1f2267","72","https://unityverseacademy.com/urun/fen-bilimleri-egitimi-ozel-ders-1430/","https://unityverseacademy.com/urun/fen-bilimleri-egitimi-ozel-ders-1430/"
"https://unityverseacademy.com/os/kariyer-is-14/","text/html; charset=utf-8","200","OK","Indexable","","49ae86e65cb48a8658c6a087527c5551","47","https://unityverseacademy.com/os/kariyer-is-14/","https://unityverseacademy.com/os/kariyer-is-14/"
"https://unityverseacademy.com/uploads/p/p/mimarlik-ic-mimarlik-icin-3d-tasarim-ve-gorsellestirme-egitimi-yuz-yuze-120-saat_1.jpg?v=1757507863","image/jpeg","200","OK","Indexable","","","141","","https://unityverseacademy.com/uploads/p/p/mimarlik-ic-mimarlik-icin-3d-tasarim-ve-gorsellestirme-egitimi-yuz-yuze-120-saat_1.jpg?v=1757507863"
"https://unityverseacademy.com/urun/3ds-max-corona-ile-fotogercekci-mimari-gorsellestirmeegitimi-online-1614/","text/html; charset=utf-8","200","OK","Indexable","","fb9b7a03dc92202edcabab026973c234","108","https://unityverseacademy.com/urun/3ds-max-corona-ile-fotogercekci-mimari-gorsellestirmeegitimi-online-1614/","https://unityverseacademy.com/urun/3ds-max-corona-ile-fotogercekci-mimari-gorsellestirmeegitimi-online-1614/"
"https://unityverseacademy.com/uploads/fm/IMG_51482.jpg","image/jpeg","200","OK","Indexable","","","54","","https://unityverseacademy.com/uploads/fm/IMG_51482.jpg"
"https://unityverseacademy.com/uploads/fm/ITS-Badges_HTML-and-CSS_1200px.png","image/png","200","OK","Indexable","","","75","","https://unityverseacademy.com/uploads/fm/ITS-Badges_HTML-and-CSS_1200px.png"
"https://unityverseacademy.com/urun/microsoft-office-egitimi-10-saat-1639/","text/html; charset=utf-8","200","OK","Indexable","","3df8f7c443d43fe666ef4e6a12facd50","73","https://unityverseacademy.com/urun/microsoft-office-egitimi-10-saat-1639/","https://unityverseacademy.com/urun/microsoft-office-egitimi-10-saat-1639/"
"https://unityverseacademy.com/urun/cocuk-ve-gencler-icin-unity-ile-oyun-gelistirme-yuz-yuze-egitimi-1042/","text/html; charset=utf-8","200","OK","Non-Indexable","Canonicalised","380b8672fa513dc338be92fc705e375","105","https://unityverseacademy.com/urun/cocuklar-icin-unity-ile-oyun-gelistirme-yuz-yuze-egitimi-1042/","https://unityverseacademy.com/urun/cocuk-ve-gencler-icin-unity-ile-oyun-gelistirme-yuz-yuze-egitimi-1042/"
"https://unityverseacademy.com/public/tema10/css/about-gallery.css?v=1","text/css; charset=UTF-8","200","OK","Indexable","","","69","","https://unityverseacademy.com/public/tema10/css/about-gallery.css?v=1"
"https://unityverseacademy.com/uploads/p/p/profesyonel-3b-modelleme-dijital-sanat-programi-online_1.jpg?v=1757508001","image/jpeg","200","OK","Indexable","","","115","","https://unityverseacademy.com/uploads/p/p/profesyonel-3b-modelleme-dijital-sanat-programi-online_1.jpg?v=1757508001"
"https://unityverseacademy.com/uploads/p/p/matematik-egitimi-ozel-ders_2.jpg?v=1757940484","image/jpeg","200","OK","Indexable","","","88","","https://unityverseacademy.com/uploads/p/p/matematik-egitimi-ozel-ders_2.jpg?v=1757940484"
"https://unityverseacademy.com/uploads/p/p/unity-ile-oyun-gelistirme-canli-online-egitimi-8-ay_1.jpeg?v=1753521718","image/jpeg","200","OK","Indexable","","","113","","https://unityverseacademy.com/uploads/p/p/unity-ile-oyun-gelistirme-canli-online-egitimi-8-ay_1.jpeg?v=1753521718"
"https://unityverseacademy.com/urun/mimarlik-ic-mimarlik-icin-3d-tasarim-ve-gorsellestirme-egitimi-yuz-yuze-120-saat-1577/","text/html; charset=utf-8","200","OK","Indexable","","ad38452c2064fbb27b1a582dd924cc95","121","https://unityverseacademy.com/urun/mimarlik-ic-mimarlik-icin-3d-tasarim-ve-gorsellestirme-egitimi-yuz-yuze-120-saat-1577/","https://unityverseacademy.com/urun/mimarlik-ic-mimarlik-icin-3d-tasarim-ve-gorsellestirme-egitimi-yuz-yuze-120-saat-1577/"
"https://unityverseacademy.com/urun/yapay-zeka-destekli-unity-ile-oyun-gelistirme-egitimi-online-1682/","text/html; charset=utf-8","200","OK","Indexable","","e174139f2437c13e11c3b616b63c22db","101","https://unityverseacademy.com/urun/yapay-zeka-destekli-unity-ile-oyun-gelistirme-egitimi-online-1682/","https://unityverseacademy.com/urun/yapay-zeka-destekli-unity-ile-oyun-gelistirme-egitimi-online-1682/"
"https://unityverseacademy.com/uploads/p/p/unity-ile-oyun-gelistirme-online-ozel-ders_1.jpg?v=1740657991","image/jpeg","200","OK","Indexable","","","103","","https://unityverseacademy.com/uploads/p/p/unity-ile-oyun-gelistirme-online-ozel-ders_1.jpg?v=1740657991"
"https://unityverseacademy.com/uploads/fm/ITS-Badges_JavaScript_1200px.png","image/png","200","OK","Indexable","","","73","","https://unityverseacademy.com/uploads/fm/ITS-Badges_JavaScript_1200px.png"
"https://unityverseacademy.com/urun/ic-mimarlik-ve-dekorasyon-egitimi-1132/","text/html; charset=utf-8","200","OK","Indexable","","53d10c1870048553c024cb5dd6116cb3","74","https://unityverseacademy.com/urun/ic-mimarlik-ve-dekorasyon-egitimi-1132/","https://unityverseacademy.com/urun/ic-mimarlik-ve-dekorasyon-egitimi-1132/"
"https://unityverseacademy.com/urun/unreal-engine-ile-oyun-gelistirme-150-saatlik-kapsamli-blueprintmufredati-online-1028/","text/html; charset=utf-8","200","OK","Indexable","","d48d7277d2db10aee6199c9d0b7b6ab3","121","https://unityverseacademy.com/urun/unreal-engine-ile-oyun-gelistirme-150-saatlik-kapsamli-blueprintmufredati-online-1028/","https://unityverseacademy.com/urun/unreal-engine-ile-oyun-gelistirme-150-saatlik-kapsamli-blueprintmufredati-online-1028/"
"https://unityverseacademy.com/urun/flutter-ile-mobil-uygulama-gelistirme-canli-online-egitimi-557/","text/html; charset=utf-8","200","OK","Indexable","","2f44d8f8c193f026151e8a5f2369baba","98","https://unityverseacademy.com/urun/flutter-ile-mobil-uygulama-gelistirme-canli-online-egitimi-557/","https://unityverseacademy.com/urun/flutter-ile-mobil-uygulama-gelistirme-canli-online-egitimi-557/"
"https://unityverseacademy.com/blog-detay/unityverse-academy-mezunu-turgay-sefa-sarigedikin-basari-hikâyesi-313/","text/html; charset=utf-8","301","Moved Permanently","Non-Indexable","Redirected","","111","","https://unityverseacademy.com/blog-detay/unityverse-academy-mezunu-turgay-sefa-sarigedikin-basari-hik%C3%A2yesi-313/"
"https://unityverseacademy.com/urun/unity-ile-oyun-gelistirme-online-ozel-ders-1256/","text/html; charset=utf-8","200","OK","Indexable","","59a3d826ce46b23fd0498dfd6ed964ae","83","https://unityverseacademy.com/urun/unity-ile-oyun-gelistirme-online-ozel-ders-1256/","https://unityverseacademy.com/urun/unity-ile-oyun-gelistirme-online-ozel-ders-1256/"
"https://unityverseacademy.com/uploads/fm/Kurucu_Eğitmen_Prof__Dr__Çetin_Kaya_Koç_pdf_13.jpg","image/jpeg","200","OK","Indexable","","","91","","https://unityverseacademy.com/uploads/fm/Kurucu_E%C4%9Fitmen_Prof__Dr__%C3%87etin_Kaya_Ko%C3%A7_pdf_13.jpg"
"https://unityverseacademy.com/uploads/p/p/bilgisayarli-muhasebe-egitimi_1.jpg?v=1757934855","image/jpeg","200","OK","Indexable","","","90","","https://unityverseacademy.com/uploads/p/p/bilgisayarli-muhasebe-egitimi_1.jpg?v=1757934855"
"https://unityverseacademy.com/urun/2b-oyun-karakter-tasarimi-ve-animasyon-ozel-ders-1250/","text/html; charset=utf-8","200","OK","Indexable","","4a620464fbd1551b55e3a0c4414097fa","89","https://unityverseacademy.com/urun/2b-oyun-karakter-tasarimi-ve-animasyon-ozel-ders-1250/","https://unityverseacademy.com/urun/2b-oyun-karakter-tasarimi-ve-animasyon-ozel-ders-1250/"
"https://unityverseacademy.com/urun/excel-kursu-temelden-ileri-seviyeye-10-saat-1662/","text/html; charset=utf-8","200","OK","Indexable","","4b9f93b414ac8051acae348c34883220","84","https://unityverseacademy.com/urun/excel-kursu-temelden-ileri-seviyeye-10-saat-1662/","https://unityverseacademy.com/urun/excel-kursu-temelden-ileri-seviyeye-10-saat-1662/"
"https://unityverseacademy.com/urun/rhino-egitimi-40-saat-online-1507/","text/html; charset=utf-8","200","OK","Indexable","","215bc87dcd7cf37e269a3c9447d529d3","69","https://unityverseacademy.com/urun/rhino-egitimi-40-saat-online-1507/","https://unityverseacademy.com/urun/rhino-egitimi-40-saat-online-1507/"
"https://unityverseacademy.com/uploads/p/p/yapay-zeka-destekli-unity-ile-oyun-gelistirme-egitimi-yuz-yuze_1.webp?v=1780419433","image/webp","200","OK","Indexable","","","124","","https://unityverseacademy.com/uploads/p/p/yapay-zeka-destekli-unity-ile-oyun-gelistirme-egitimi-yuz-yuze_1.webp?v=1780419433"
"https://unityverseacademy.com/uploads/fm/Ders_Bilgileri1.png","image/png","200","OK","Indexable","","","60","","https://unityverseacademy.com/uploads/fm/Ders_Bilgileri1.png"
"https://unityverseacademy.com/uploads/p/p/mimarlik-ic-mimarlik-icin-3d-tasarim-ve-gorsellestirme-egitimi-online-120-saat_1.jpg?v=1762861033","image/jpeg","200","OK","Indexable","","","139","","https://unityverseacademy.com/uploads/p/p/mimarlik-ic-mimarlik-icin-3d-tasarim-ve-gorsellestirme-egitimi-online-120-saat_1.jpg?v=1762861033"
"https://unityverseacademy.com/uploads/p/p/it-danismanlik-hizmeti-ozel-ders_1.jpg?v=1759325219","image/jpeg","200","OK","Indexable","","","93","","https://unityverseacademy.com/uploads/p/p/it-danismanlik-hizmeti-ozel-ders_1.jpg?v=1759325219"
"https://unityverseacademy.com/uploads/fm/WhatsApp_Image_2025-02-25_at_12_02_26_(1)1.jpg","image/jpeg","200","OK","Indexable","","","87","","https://unityverseacademy.com/uploads/fm/WhatsApp_Image_2025-02-25_at_12_02_26_(1)1.jpg"
"https://unityverseacademy.com/urun/v-ray-ile-gercekci-ic-ve-dis-mekân-render-uretimi-egitimi-yuz-yuze-1622/","text/html; charset=utf-8","301","Moved Permanently","Non-Indexable","Redirected","","107","","https://unityverseacademy.com/urun/v-ray-ile-gercekci-ic-ve-dis-mek%C3%A2n-render-uretimi-egitimi-yuz-yuze-1622/"
"https://unityverseacademy.com/uploads/fm/IMG_492032.jpg","image/jpeg","200","OK","Indexable","","","55","","https://unityverseacademy.com/uploads/fm/IMG_492032.jpg"
"https://unityverseacademy.com/uploads/fm/IMG_51152.jpg","image/jpeg","200","OK","Indexable","","","54","","https://unityverseacademy.com/uploads/fm/IMG_51152.jpg"
"https://unityverseacademy.com/uploads/fm/IMG_50236.jpg","image/jpeg","200","OK","Indexable","","","54","","https://unityverseacademy.com/uploads/fm/IMG_50236.jpg"
"https://unityverseacademy.com/uploads/p/p/autocad-egitimi-ozel-ders_1.jpg?v=1757507038","image/jpeg","200","OK","Indexable","","","86","","https://unityverseacademy.com/uploads/p/p/autocad-egitimi-ozel-ders_1.jpg?v=1757507038"
"https://unityverseacademy.com/uploads/p/p/sketchupta-mimari-ve-ic-mekân-modelleme-egitimi-uygulamali-online_1.jpg?v=1766155098","image/jpeg","200","OK","Indexable","","","126","","https://unityverseacademy.com/uploads/p/p/sketchupta-mimari-ve-ic-mek%C3%A2n-modelleme-egitimi-uygulamali-online_1.jpg?v=1766155098"
"https://unityverseacademy.com/uploads/fm/IMG_50372.jpg","image/jpeg","200","OK","Indexable","","","54","","https://unityverseacademy.com/uploads/fm/IMG_50372.jpg"
"https://unityverseacademy.com/urun/almanca-egitimi-ozel-ders-1440/","text/html; charset=utf-8","200","OK","Indexable","","c3c4e9fe32bcc7462e03a82b07f6858","66","https://unityverseacademy.com/urun/almanca-egitimi-ozel-ders-1440/","https://unityverseacademy.com/urun/almanca-egitimi-ozel-ders-1440/"
"https://unityverseacademy.com/urun/autocad-elektrik-tesisat-projeleri-egitimi-yapi-denetim-odakli-1637/","text/html; charset=utf-8","200","OK","Indexable","","26d5511e152ea3629eba78029191eae0","103","https://unityverseacademy.com/urun/autocad-elektrik-tesisat-projeleri-egitimi-yapi-denetim-odakli-1637/","https://unityverseacademy.com/urun/autocad-elektrik-tesisat-projeleri-egitimi-yapi-denetim-odakli-1637/"
"https://unityverseacademy.com/uploads/p/p/Autodesk-Fusion-360-Endustriyel-Urun-Tasarimi-Egitimi_1.jpg?v=1660636265","image/jpeg","200","OK","Indexable","","","114","","https://unityverseacademy.com/uploads/p/p/Autodesk-Fusion-360-Endustriyel-Urun-Tasarimi-Egitimi_1.jpg?v=1660636265"
"https://unityverseacademy.com/uploads/fm/IMG_51032.jpg","image/jpeg","200","OK","Indexable","","","54","","https://unityverseacademy.com/uploads/fm/IMG_51032.jpg"
"https://unityverseacademy.com/uploads/p/b/oguzhan-durakin-grafik-tasarim-ve-video-kurgu-alanindaki-yolculugu_2.webp?v=1779437508","image/webp","200","OK","Indexable","","","128","","https://unityverseacademy.com/uploads/p/b/oguzhan-durakin-grafik-tasarim-ve-video-kurgu-alanindaki-yolculugu_2.webp?v=1779437508"
"https://unityverseacademy.com/urun/gelismis-autocad-elektrik-projeciligi-egitimi-yapi-denetim-odakli-uygulamali-1635/","text/html; charset=utf-8","200","OK","Indexable","","cf82cb15a7dab98af786ad494897a43f","117","https://unityverseacademy.com/urun/gelismis-autocad-elektrik-projeciligi-egitimi-yapi-denetim-odakli-uygulamali-1635/","https://unityverseacademy.com/urun/gelismis-autocad-elektrik-projeciligi-egitimi-yapi-denetim-odakli-uygulamali-1635/"
"https://unityverseacademy.com/urun/unreal-engine-5-gorsellestirme-ve-animasyon-yuz-yuze-egitim-1032/","text/html; charset=utf-8","200","OK","Indexable","","a88eaff67b2060eb8503ecd85b386080","100","https://unityverseacademy.com/urun/unreal-engine-5-gorsellestirme-ve-animasyon-yuz-yuze-egitim-1032/","https://unityverseacademy.com/urun/unreal-engine-5-gorsellestirme-ve-animasyon-yuz-yuze-egitim-1032/"
"https://unityverseacademy.com/uploads/p/p/mimarlik-ic-mimarlik-icin-3d-tasarim-ve-gorsellestirme-egitimi-online_2.jpg?v=1761557200","image/jpeg","200","OK","Indexable","","","130","","https://unityverseacademy.com/uploads/p/p/mimarlik-ic-mimarlik-icin-3d-tasarim-ve-gorsellestirme-egitimi-online_2.jpg?v=1761557200"
"https://unityverseacademy.com/uploads/fm/FEYYAZ_AĞIRMAN_CV_TR.pdf","text/html; charset=utf-8","301","Moved Permanently","Non-Indexable","Redirected","","66","","https://unityverseacademy.com/uploads/fm/FEYYAZ_AG%CC%86IRMAN_CV_TR.pdf"
"https://unityverseacademy.com/uploads/fm/oyun_site_koyulcak2.jpg","image/jpeg","200","OK","Indexable","","","64","","https://unityverseacademy.com/uploads/fm/oyun_site_koyulcak2.jpg"
"https://unityverseacademy.com/uploads/fm/IMG_5148.jpg","image/jpeg","200","OK","Indexable","","","53","","https://unityverseacademy.com/uploads/fm/IMG_5148.jpg"
"https://unityverseacademy.com/urun/unreal-engine-ile-sanal-gerceklik-vr-ozel-ders-yuz-yuze-egitim-1337/","text/html; charset=utf-8","200","OK","Indexable","","348b08a9e34ce01cf9d2ec1caae8053e","103","https://unityverseacademy.com/urun/unreal-engine-ile-sanal-gerceklik-vr-ozel-ders-yuz-yuze-egitim-1337/","https://unityverseacademy.com/urun/unreal-engine-ile-sanal-gerceklik-vr-ozel-ders-yuz-yuze-egitim-1337/"
"https://unityverseacademy.com/urun/grafik-tasarim-ve-video-efekt-uzmanligi-canli-online-egitimi-1484/","text/html; charset=utf-8","200","OK","Indexable","","86e393fb64c8ec9ace4c279ea68310c3","101","https://unityverseacademy.com/urun/grafik-tasarim-ve-video-efekt-uzmanligi-canli-online-egitimi-1484/","https://unityverseacademy.com/urun/grafik-tasarim-ve-video-efekt-uzmanligi-canli-online-egitimi-1484/"
"https://unityverseacademy.com/uploads/p/p/2b-oyun-karakter-tasarimi-ve-animasyon-canli-online-egitimi_1.jpg?v=1759406018","image/jpeg","200","OK","Indexable","","","120","","https://unityverseacademy.com/uploads/p/p/2b-oyun-karakter-tasarimi-ve-animasyon-canli-online-egitimi_1.jpg?v=1759406018"
"https://unityverseacademy.com/uploads/fm/OYUN_ÖRNEK_SERTİFİKA25.jpg","image/jpeg","200","OK","Indexable","","","70","","https://unityverseacademy.com/uploads/fm/OYUN_O%CC%88RNEK_SERTI%CC%87FI%CC%87KA25.jpg"
"https://unityverseacademy.com/uploads/fm/IMG_587153.jpg","image/jpeg","200","OK","Indexable","","","55","","https://unityverseacademy.com/uploads/fm/IMG_587153.jpg"
"https://unityverseacademy.com/urun/yonetmenlik-ve-sinematografiye-giris-yuz-yuze-egitimi-620/","text/html; charset=utf-8","200","OK","Indexable","","8dd127b7ab55ec7256dcf55f889b20f6","93","https://unityverseacademy.com/urun/yonetmenlik-ve-sinematografiye-giris-yuz-yuze-egitimi-620/","https://unityverseacademy.com/urun/yonetmenlik-ve-sinematografiye-giris-yuz-yuze-egitimi-620/"
"https://unityverseacademy.com/urun/zbrush-ile-kuyumculuk-ve-taki-tasarimi-egitimi-online-1536/","text/html; charset=utf-8","200","OK","Indexable","","4285d308d9d72985b4aae28062141e82","94","https://unityverseacademy.com/urun/zbrush-ile-kuyumculuk-ve-taki-tasarimi-egitimi-online-1536/","https://unityverseacademy.com/urun/zbrush-ile-kuyumculuk-ve-taki-tasarimi-egitimi-online-1536/"
"https://unityverseacademy.com/urun/unity-ile-oyun-gelistirme-yuz-yuze-ozel-ders-1361/","text/html; charset=utf-8","200","OK","Indexable","","d0ae1e8f90b988d153030a9a699c4729","85","https://unityverseacademy.com/urun/unity-ile-oyun-gelistirme-yuz-yuze-ozel-ders-1361/","https://unityverseacademy.com/urun/unity-ile-oyun-gelistirme-yuz-yuze-ozel-ders-1361/"
"https://unityverseacademy.com/uploads/p/p/dijital-pazarlama-pazar-yeri-ve-e-ticaret-yoneticiligi-egitimi-25-saat-ozel-ders_1.jpeg?v=1741954592","image/jpeg","200","OK","Indexable","","","142","","https://unityverseacademy.com/uploads/p/p/dijital-pazarlama-pazar-yeri-ve-e-ticaret-yoneticiligi-egitimi-25-saat-ozel-ders_1.jpeg?v=1741954592"
"https://unityverseacademy.com/uploads/fm/IMG_510321.jpg","image/jpeg","200","OK","Indexable","","","55","","https://unityverseacademy.com/uploads/fm/IMG_510321.jpg"
"https://unityverseacademy.com/uploads/p/p/autodesk-fusion-360-endustriyel-urun-tasarimi-uzmanligi-canli-online-egitimi_1.jpg?v=1762940099","image/jpeg","200","OK","Indexable","","","137","","https://unityverseacademy.com/uploads/p/p/autodesk-fusion-360-endustriyel-urun-tasarimi-uzmanligi-canli-online-egitimi_1.jpg?v=1762940099"
"https://unityverseacademy.com/uploads/p/p/unity-ile-oyun-gelistirme-yuz-yuze-ozel-ders_2.jpg?v=1696601901","image/jpeg","200","OK","Indexable","","","105","","https://unityverseacademy.com/uploads/p/p/unity-ile-oyun-gelistirme-yuz-yuze-ozel-ders_2.jpg?v=1696601901"
"https://unityverseacademy.com/urun/film-ve-animasyon-icin-storyboard-canli-online-egitimi-551/","text/html; charset=utf-8","200","OK","Indexable","","d9115c7c492ae3895ee10cbdaea6a4df","94","https://unityverseacademy.com/urun/film-ve-animasyon-icin-storyboard-canli-online-egitimi-551/","https://unityverseacademy.com/urun/film-ve-animasyon-icin-storyboard-canli-online-egitimi-551/"
"https://unityverseacademy.com/uploads/fm/dijital_oyun_geliştirme_(1)26.jpg","image/jpeg","200","OK","Indexable","","","74","","https://unityverseacademy.com/uploads/fm/dijital_oyun_geli%C5%9Ftirme_(1)26.jpg"
"https://unityverseacademy.com/uploads/p/b/filiz-tumuklunun-yazilim-test-otomasyonu-egitimi-ve-kariyer-basarisi_1.webp?v=1779375143","image/webp","200","OK","Indexable","","","130","","https://unityverseacademy.com/uploads/p/b/filiz-tumuklunun-yazilim-test-otomasyonu-egitimi-ve-kariyer-basarisi_1.webp?v=1779375143"
"https://unityverseacademy.com/uploads/fm/image80.png","image/png","200","OK","Indexable","","","52","","https://unityverseacademy.com/uploads/fm/image80.png"
"https://unityverseacademy.com/uploads/p/p/unreal-engine-ile-sanal-gerceklik-vr-ozel-ders_2.jpg?v=1696602480","image/jpeg","200","OK","Indexable","","","107","","https://unityverseacademy.com/uploads/p/p/unreal-engine-ile-sanal-gerceklik-vr-ozel-ders_2.jpg?v=1696602480"
"https://unityverseacademy.com/uploads/fm/WhatsApp_Image_2022-08-10_at_11_30_58_(2).jpg","image/jpeg","200","OK","Indexable","","","86","","https://unityverseacademy.com/uploads/fm/WhatsApp_Image_2022-08-10_at_11_30_58_(2).jpg"
"https://unityverseacademy.com/urun/autocad-egitimi-1519/","text/html; charset=utf-8","200","OK","Indexable","","e20b7a13bd1cb8178b3eb4880a5437fd","56","https://unityverseacademy.com/urun/autocad-egitimi-1519/","https://unityverseacademy.com/urun/autocad-egitimi-1519/"
"https://unityverseacademy.com/uploads/p/p/ispanyolca-egitimi-ozel-ders_1.jpg?v=1759326018","image/jpeg","200","OK","Indexable","","","89","","https://unityverseacademy.com/uploads/p/p/ispanyolca-egitimi-ozel-ders_1.jpg?v=1759326018"
"https://unityverseacademy.com/uploads/p/p/diferansiyel-denklemler-egitimi-ozel-ders_1.jpg?v=1759325109","image/jpeg","200","OK","Indexable","","","102","","https://unityverseacademy.com/uploads/p/p/diferansiyel-denklemler-egitimi-ozel-ders_1.jpg?v=1759325109"
"https://unityverseacademy.com/urun/zbrush-ile-organik-modelleme-yuz-yuze-egitimi-590/","text/html; charset=utf-8","200","OK","Indexable","","2b2725e656f85c1d239b5b842843db42","85","https://unityverseacademy.com/urun/zbrush-ile-organik-modelleme-yuz-yuze-egitimi-590/","https://unityverseacademy.com/urun/zbrush-ile-organik-modelleme-yuz-yuze-egitimi-590/"
"https://unityverseacademy.com/uploads/p/p/mimarlik-ic-mimarlik-icin-3d-tasarim-ve-gorsellestirme-egitimi-yuz-yuze-120-saat_2.jpg?v=1762861048","image/jpeg","200","OK","Indexable","","","141","","https://unityverseacademy.com/uploads/p/p/mimarlik-ic-mimarlik-icin-3d-tasarim-ve-gorsellestirme-egitimi-yuz-yuze-120-saat_2.jpg?v=1762861048"
"https://unityverseacademy.com/uploads/p/p/3ds-max-corona-ile-fotogercekci-mimari-gorsellestirmeegitimi-yuz-yuze_2.jpg?v=1765798374","image/jpeg","200","OK","Indexable","","","130","","https://unityverseacademy.com/uploads/p/p/3ds-max-corona-ile-fotogercekci-mimari-gorsellestirmeegitimi-yuz-yuze_2.jpg?v=1765798374"
"https://unityverseacademy.com/uploads/p/p/turkce-egitimi-ozel-ders_1.jpg?v=1759325572","image/jpeg","200","OK","Indexable","","","85","","https://unityverseacademy.com/uploads/p/p/turkce-egitimi-ozel-ders_1.jpg?v=1759325572"
"https://unityverseacademy.com/urun/yapay-zeka-destekli-unity-ile-oyun-gelistirme-egitimi-yuz-yuze-1680/","text/html; charset=utf-8","200","OK","Indexable","","125048cba3650d88865d96c2210582ce","103","https://unityverseacademy.com/urun/yapay-zeka-destekli-unity-ile-oyun-gelistirme-egitimi-yuz-yuze-1680/","https://unityverseacademy.com/urun/yapay-zeka-destekli-unity-ile-oyun-gelistirme-egitimi-yuz-yuze-1680/"
"https://unityverseacademy.com/uploads/p/p/unreal-engine-ile-sanal-gerceklik-vr-ozel-ders-yuz-yuze-egitim_1.jpg?v=1757921933","image/jpeg","200","OK","Indexable","","","123","","https://unityverseacademy.com/uploads/p/p/unreal-engine-ile-sanal-gerceklik-vr-ozel-ders-yuz-yuze-egitim_1.jpg?v=1757921933"
"https://unityverseacademy.com/uploads/p/p/autodesk-fusion-360-endustriyel-urun-tasarimi-uzmanligi-yuz-yuze-ozel-ders-20-saat_1.jpg?v=1763377256","image/jpeg","200","OK","Indexable","","","143","","https://unityverseacademy.com/uploads/p/p/autodesk-fusion-360-endustriyel-urun-tasarimi-uzmanligi-yuz-yuze-ozel-ders-20-saat_1.jpg?v=1763377256"
"https://unityverseacademy.com/urun/ispanyolca-egitimi-ozel-ders-1441/","text/html; charset=utf-8","200","OK","Indexable","","306ce7bd6b282e40a1f6a85243d44ac8","69","https://unityverseacademy.com/urun/ispanyolca-egitimi-ozel-ders-1441/","https://unityverseacademy.com/urun/ispanyolca-egitimi-ozel-ders-1441/"
"https://unityverseacademy.com/urun/java-yazilim-egitimi-online-819/","text/html; charset=utf-8","200","OK","Indexable","","63b8ce56daf12a63579f5440e2b4d7d5","67","https://unityverseacademy.com/urun/java-yazilim-egitimi-online-819/","https://unityverseacademy.com/urun/java-yazilim-egitimi-online-819/"
"https://unityverseacademy.com/urun/zbrush-ile-organik-modelleme-canli-yuz-yuze-ozel-ders-1533/","text/html; charset=utf-8","200","OK","Indexable","","f4388da747d4d2f88e63e2a8cede1f2","94","https://unityverseacademy.com/urun/zbrush-ile-organik-modelleme-canli-yuz-yuze-ozel-ders-1533/","https://unityverseacademy.com/urun/zbrush-ile-organik-modelleme-canli-yuz-yuze-ozel-ders-1533/"
"https://unityverseacademy.com/urun/unreal-engine-ile-sanal-gerceklik-vr-ozel-ders-online-canli-egitim-1029/","text/html; charset=utf-8","200","OK","Indexable","","7bd2c89ec7015cb63549f5df9efaa483","107","https://unityverseacademy.com/urun/unreal-engine-ile-sanal-gerceklik-vr-ozel-ders-online-canli-egitim-1029/","https://unityverseacademy.com/urun/unreal-engine-ile-sanal-gerceklik-vr-ozel-ders-online-canli-egitim-1029/"
"https://unityverseacademy.com/uploads/p/p/proje-yonetimi-egitimi_1.jpg?v=1759324109","image/jpeg","200","OK","Indexable","","","83","","https://unityverseacademy.com/uploads/p/p/proje-yonetimi-egitimi_1.jpg?v=1759324109"
"https://unityverseacademy.com/uploads/fm/WhatsApp_Image_2022-08-10_at_11_30_53_(3).jpg","image/jpeg","200","OK","Indexable","","","86","","https://unityverseacademy.com/uploads/fm/WhatsApp_Image_2022-08-10_at_11_30_53_(3).jpg"
"https://unityverseacademy.com/uploads/fm/WhatsApp_Image_2023-03-21_at_09_54_092.jpg","image/jpeg","200","OK","Indexable","","","83","","https://unityverseacademy.com/uploads/fm/WhatsApp_Image_2023-03-21_at_09_54_092.jpg"
"https://unityverseacademy.com/urun/unreal-engine-ile-sanal-gerceklik-ozel-ders-online-canli-egitim-1044/","text/html; charset=utf-8","200","OK","Indexable","","2266aec6e552269ad53112bf57dc31f7","104","https://unityverseacademy.com/urun/unreal-engine-ile-sanal-gerceklik-ozel-ders-online-canli-egitim-1044/","https://unityverseacademy.com/urun/unreal-engine-ile-sanal-gerceklik-ozel-ders-online-canli-egitim-1044/"
"https://unityverseacademy.com/urun/sketchupta-mimari-ve-ic-mekân-modelleme-egitimi-uygulamali-yuz-yuze-1620/","text/html; charset=utf-8","301","Moved Permanently","Non-Indexable","Redirected","","108","","https://unityverseacademy.com/urun/sketchupta-mimari-ve-ic-mek%C3%A2n-modelleme-egitimi-uygulamali-yuz-yuze-1620/"
"https://unityverseacademy.com/uploads/p/b/suleyman-ozgonul-oyun-gelistiricilikte-zirveye-giden-yol_1.webp?v=1779436854","image/webp","200","OK","Indexable","","","118","","https://unityverseacademy.com/uploads/p/b/suleyman-ozgonul-oyun-gelistiricilikte-zirveye-giden-yol_1.webp?v=1779436854"
"https://unityverseacademy.com/urun/microsoft-office-egitimi-1123/","text/html; charset=utf-8","200","OK","Indexable","","4e553660eb62bdd1f4d5bfdf0fcace39","65","https://unityverseacademy.com/urun/microsoft-office-egitimi-1123/","https://unityverseacademy.com/urun/microsoft-office-egitimi-1123/"
"https://unityverseacademy.com/uploads/p/p/2b-oyun-karakter-tasarimi-ve-animasyon-ozel-ders_1.jpg?v=1759326687","image/jpeg","200","OK","Indexable","","","109","","https://unityverseacademy.com/uploads/p/p/2b-oyun-karakter-tasarimi-ve-animasyon-ozel-ders_1.jpg?v=1759326687"
"https://unityverseacademy.com/uploads/fm/IMG_49203.jpg","image/jpeg","200","OK","Indexable","","","54","","https://unityverseacademy.com/uploads/fm/IMG_49203.jpg"
"https://unityverseacademy.com/uploads/p/p/3ds-max-egitimi-30-saat-ozel-ders_1.jpg?v=1762865286","image/jpeg","200","OK","Indexable","","","94","","https://unityverseacademy.com/uploads/p/p/3ds-max-egitimi-30-saat-ozel-ders_1.jpg?v=1762865286"
"https://unityverseacademy.com/uploads/fm/WhatsApp_Image_2022-08-10_at_11_30_53.jpg","image/jpeg","200","OK","Indexable","","","82","","https://unityverseacademy.com/uploads/fm/WhatsApp_Image_2022-08-10_at_11_30_53.jpg"
"https://unityverseacademy.com/blog-detay/zbrush-kursu-egitimi-296/","text/html; charset=utf-8","200","OK","Indexable","","2f06d668c82a02e87ef1ea9382ef2064","66","https://unityverseacademy.com/blog-detay/zbrush-kursu-egitimi-296/","https://unityverseacademy.com/blog-detay/zbrush-kursu-egitimi-296/"
"https://unityverseacademy.com/blog-detay/semantik-teknoloji-depo-stok-takip-uygulamasi-tanitimi-251/","text/html; charset=utf-8","200","OK","Indexable","","4ce50197394f070db621d3f6b9285dba","100","https://unityverseacademy.com/blog-detay/semantik-teknoloji-depo-stok-takip-uygulamasi-tanitimi-251/","https://unityverseacademy.com/blog-detay/semantik-teknoloji-depo-stok-takip-uygulamasi-tanitimi-251/"
"https://unityverseacademy.com/uploads/p/p/v-ray-ile-gercekci-ic-ve-dis-mekân-render-uretimi-egitimi-online-egitim_1.jpg?v=1766264260","image/jpeg","200","OK","Indexable","","","132","","https://unityverseacademy.com/uploads/p/p/v-ray-ile-gercekci-ic-ve-dis-mek%C3%A2n-render-uretimi-egitimi-online-egitim_1.jpg?v=1766264260"
"https://unityverseacademy.com/uploads/fm/IMG_5238-min2.jpg","image/jpeg","200","OK","Indexable","","","58","","https://unityverseacademy.com/uploads/fm/IMG_5238-min2.jpg"
"https://unityverseacademy.com/uploads/p/p/fen-bilimleri-egitimi-ozel-ders_1.jpg?v=1757943566","image/jpeg","200","OK","Indexable","","","92","","https://unityverseacademy.com/uploads/p/p/fen-bilimleri-egitimi-ozel-ders_1.jpg?v=1757943566"
"https://unityverseacademy.com/urun/flutter-ile-mobil-uygulama-gelistirme-yuz-yuze-egitimi-606/","text/html; charset=utf-8","200","OK","Indexable","","e6fc7ae555cbae9f976bfe6097831215","94","https://unityverseacademy.com/urun/flutter-ile-mobil-uygulama-gelistirme-yuz-yuze-egitimi-606/","https://unityverseacademy.com/urun/flutter-ile-mobil-uygulama-gelistirme-yuz-yuze-egitimi-606/"
"https://unityverseacademy.com/uploads/fm/oyun_site_konulcak123.jpg","image/jpeg","200","OK","Indexable","","","66","","https://unityverseacademy.com/uploads/fm/oyun_site_konulcak123.jpg"
"https://unityverseacademy.com/uploads/fm/WhatsApp_Image_2023-03-21_at_10_32_09.jpg","image/jpeg","200","OK","Indexable","","","82","","https://unityverseacademy.com/uploads/fm/WhatsApp_Image_2023-03-21_at_10_32_09.jpg"
"https://unityverseacademy.com/urun/lumion-egitimi-1130/","text/html; charset=utf-8","200","OK","Indexable","","8941d718e94f0519873247277d00faf4","55","https://unityverseacademy.com/urun/lumion-egitimi-1130/","https://unityverseacademy.com/urun/lumion-egitimi-1130/"
"https://unityverseacademy.com/uploads/p/p/unity-ile-oyun-gelistirme-yuz-yuze-egitimi_1.jpeg?v=1714312888","image/jpeg","200","OK","Indexable","","","104","","https://unityverseacademy.com/uploads/p/p/unity-ile-oyun-gelistirme-yuz-yuze-egitimi_1.jpeg?v=1714312888"
"https://unityverseacademy.com/uploads/fm/projegeliştirmeai21.png","image/png","200","OK","Indexable","","","64","","https://unityverseacademy.com/uploads/fm/projegeli%C5%9Ftirmeai21.png"
"https://unityverseacademy.com/urun/adobe-photoshop-ve-adobe-illustrator-onlinecanli-egitim-1001/","text/html; charset=utf-8","200","OK","Indexable","","cfb04cfa79723b2b5de61b48a61d8b63","96","https://unityverseacademy.com/urun/adobe-photoshop-ve-adobe-illustrator-onlinecanli-egitim-1001/","https://unityverseacademy.com/urun/adobe-photoshop-ve-adobe-illustrator-onlinecanli-egitim-1001/"
"https://unityverseacademy.com/uploads/p/p/unreal-engine-ile-metaverse-gelistirme-online-canli-egitim_2.jpg?v=1696602805","image/jpeg","200","OK","Indexable","","","119","","https://unityverseacademy.com/uploads/p/p/unreal-engine-ile-metaverse-gelistirme-online-canli-egitim_2.jpg?v=1696602805"
"https://unityverseacademy.com/urun/cocuklar-icin-unity-ile-oyun-gelistirme-canli-online-egitimi-1380/","text/html; charset=utf-8","200","OK","Indexable","","71695b8088553f683b542af0ff76d256","101","https://unityverseacademy.com/urun/cocuklar-icin-unity-ile-oyun-gelistirme-canli-online-egitimi-1380/","https://unityverseacademy.com/urun/cocuklar-icin-unity-ile-oyun-gelistirme-canli-online-egitimi-1380/"
"https://unityverseacademy.com/urun/36-saat-kapsamli-zbrush-modelleme-egitimi-online-1540/","text/html; charset=utf-8","200","OK","Indexable","","6fc66aaecc9090b7810183a86a25ee06","89","https://unityverseacademy.com/urun/36-saat-kapsamli-zbrush-modelleme-egitimi-online-1540/","https://unityverseacademy.com/urun/36-saat-kapsamli-zbrush-modelleme-egitimi-online-1540/"
"https://unityverseacademy.com/uploads/fm/gokhan_sahinkaya_(1).pdf","application/pdf","200","OK","Indexable","","","65","","https://unityverseacademy.com/uploads/fm/gokhan_sahinkaya_(1).pdf"
"https://unityverseacademy.com/uploads/fm/WhatsApp_Image_2022-08-10_at_11_30_59_(3).jpg","image/jpeg","200","OK","Indexable","","","86","","https://unityverseacademy.com/uploads/fm/WhatsApp_Image_2022-08-10_at_11_30_59_(3).jpg"
"https://unityverseacademy.com/urun/unreal-engine-ile-oyun-gelistirme-150-saatlik-kapsamli-blueprintmufredati-yuz-yuze-egitim-1116/","text/html; charset=utf-8","200","OK","Indexable","","88bcf32aeafa81e830cd7d44e0047d8a","130","https://unityverseacademy.com/urun/unreal-engine-ile-oyun-gelistirme-150-saatlik-kapsamli-blueprintmufredati-yuz-yuze-egitim-1116/","https://unityverseacademy.com/urun/unreal-engine-ile-oyun-gelistirme-150-saatlik-kapsamli-blueprintmufredati-yuz-yuze-egitim-1116/"
"https://unityverseacademy.com/uploads/p/p/unity-ile-oyun-gelistirme-canli-online-egitimi_1.jpeg?v=1714312907","image/jpeg","200","OK","Indexable","","","108","","https://unityverseacademy.com/uploads/p/p/unity-ile-oyun-gelistirme-canli-online-egitimi_1.jpeg?v=1714312907"
"https://unityverseacademy.com/urun/film-ve-animasyon-icin-storyboard-yuz-yuze-egitimi-ozel-ders-1287/","text/html; charset=utf-8","200","OK","Indexable","","fa89f3d8f5de1f2fb216e5c067716dff","101","https://unityverseacademy.com/urun/film-ve-animasyon-icin-storyboard-yuz-yuze-egitimi-ozel-ders-1287/","https://unityverseacademy.com/urun/film-ve-animasyon-icin-storyboard-yuz-yuze-egitimi-ozel-ders-1287/"
"https://unityverseacademy.com/uploads/p/b/berkay-kurt-multiplayer-oyun-gelistiriciliginde-bir-yildiz_1.webp?v=1779436884","image/webp","200","OK","Indexable","","","120","","https://unityverseacademy.com/uploads/p/b/berkay-kurt-multiplayer-oyun-gelistiriciliginde-bir-yildiz_1.webp?v=1779436884"
"https://unityverseacademy.com/uploads/p/p/v-ray-ile-gercekci-ic-ve-dis-mekân-render-uretimi-yuz-yuze_1.jpg?v=1766264122","image/jpeg","200","OK","Indexable","","","119","","https://unityverseacademy.com/uploads/p/p/v-ray-ile-gercekci-ic-ve-dis-mek%C3%A2n-render-uretimi-yuz-yuze_1.jpg?v=1766264122"
"https://unityverseacademy.com/uploads/p/p/autocad-egitimi_2.jpg?v=1762947116","image/jpeg","200","OK","Indexable","","","76","","https://unityverseacademy.com/uploads/p/p/autocad-egitimi_2.jpg?v=1762947116"
"https://unityverseacademy.com/uploads/fm/IMG_512313.jpg","image/jpeg","200","OK","Indexable","","","55","","https://unityverseacademy.com/uploads/fm/IMG_512313.jpg"
"https://unityverseacademy.com/blog-detay/substance-painter-egitimi-286/","text/html; charset=utf-8","200","OK","Indexable","","d020571d95410a8b851ec44778846f7f","71","https://unityverseacademy.com/blog-detay/substance-painter-egitimi-286/","https://unityverseacademy.com/blog-detay/substance-painter-egitimi-286/"
"https://unityverseacademy.com/uploads/fm/oyun_site_konulcak12.jpg","image/jpeg","200","OK","Indexable","","","65","","https://unityverseacademy.com/uploads/fm/oyun_site_konulcak12.jpg"
"https://unityverseacademy.com/uploads/p/b/burak-ercayanin-yazilim-test-otomasyonu-egitimi-ve-testiniumdaki-isi_2.webp?v=1779436969","image/webp","200","OK","Indexable","","","130","","https://unityverseacademy.com/uploads/p/b/burak-ercayanin-yazilim-test-otomasyonu-egitimi-ve-testiniumdaki-isi_2.webp?v=1779436969"
"https://unityverseacademy.com/public/tema10/css/blog-detail-gallery.css?v=1.0.0","text/css; charset=UTF-8","200","OK","Indexable","","","79","","https://unityverseacademy.com/public/tema10/css/blog-detail-gallery.css?v=1.0.0"
"https://unityverseacademy.com/uploads/p/p/profesyonel-mimari-render-ve-etkilesim-egitimi-online-24-saat_1.jpg?v=1765798494","image/jpeg","200","OK","Indexable","","","122","","https://unityverseacademy.com/uploads/p/p/profesyonel-mimari-render-ve-etkilesim-egitimi-online-24-saat_1.jpg?v=1765798494"
"https://unityverseacademy.com/uploads/fm/web-02_(1).jpg","image/jpeg","200","OK","Indexable","","","55","","https://unityverseacademy.com/uploads/fm/web-02_(1).jpg"
"https://unityverseacademy.com/uploads/p/p/mimarlik-ic-mimarlik-icin-3d-tasarim-ve-gorsellestirme-egitimi-yuz-yuze-100-saat_1.jpg?v=1763456755","image/jpeg","200","OK","Indexable","","","141","","https://unityverseacademy.com/uploads/p/p/mimarlik-ic-mimarlik-icin-3d-tasarim-ve-gorsellestirme-egitimi-yuz-yuze-100-saat_1.jpg?v=1763456755"
"https://unityverseacademy.com/urun/fizik-egitimi-ozel-ders-1429/","text/html; charset=utf-8","200","OK","Indexable","","28971a6ceb9c21cfb24be3cf00ab8d40","64","https://unityverseacademy.com/urun/fizik-egitimi-ozel-ders-1429/","https://unityverseacademy.com/urun/fizik-egitimi-ozel-ders-1429/"
"https://unityverseacademy.com/urun/java-yazilim-egitimi-yuz-yuze-821/","text/html; charset=utf-8","200","OK","Indexable","","54102e4c1b1fd97d912d8a05288a4fdb","69","https://unityverseacademy.com/urun/java-yazilim-egitimi-yuz-yuze-821/","https://unityverseacademy.com/urun/java-yazilim-egitimi-yuz-yuze-821/"
"https://unityverseacademy.com/uploads/p/p/ayrik-matematik-discrete-mathematics-egitimi-ozel-ders_1.jpg?v=1759324738","image/jpeg","200","OK","Indexable","","","115","","https://unityverseacademy.com/uploads/p/p/ayrik-matematik-discrete-mathematics-egitimi-ozel-ders_1.jpg?v=1759324738"
"https://unityverseacademy.com/uploads/fm/0_cert_Information_Technology_(IT)_Specialist_Certificate.jpg","image/jpeg","200","OK","Indexable","","","102","","https://unityverseacademy.com/uploads/fm/0_cert_Information_Technology_(IT)_Specialist_Certificate.jpg"
"https://unityverseacademy.com/uploads/fm/WhatsApp_Image_2022-08-10_at_11_30_58.jpg","image/jpeg","200","OK","Indexable","","","82","","https://unityverseacademy.com/uploads/fm/WhatsApp_Image_2022-08-10_at_11_30_58.jpg"
"https://unityverseacademy.com/uploads/p/p/egitim-koclugu-ozel-ders_1.jpg?v=1759325700","image/jpeg","200","OK","Indexable","","","85","","https://unityverseacademy.com/uploads/p/p/egitim-koclugu-ozel-ders_1.jpg?v=1759325700"
"https://unityverseacademy.com/uploads/p/p/s/unity-ile-oyun-gelistirme-canli-online-egitimi_1.png?v=1695285630","image/png","200","OK","Indexable","","","109","","https://unityverseacademy.com/uploads/p/p/s/unity-ile-oyun-gelistirme-canli-online-egitimi_1.png?v=1695285630"
"https://unityverseacademy.com/urun/desinatorluk-yuz-yuze-egitimi-612/","text/html; charset=utf-8","200","OK","Indexable","","dbf2f2ecd116e76ed7cbccad8bc7e0c","69","https://unityverseacademy.com/urun/desinatorluk-yuz-yuze-egitimi-612/","https://unityverseacademy.com/urun/desinatorluk-yuz-yuze-egitimi-612/"
"https://unityverseacademy.com/urun/zbrush-ile-kuyumculuk-ve-taki-tasarimi-egitimi-yuz-yuze-1535/","text/html; charset=utf-8","200","OK","Indexable","","c4ed0d491b3bfef1287862d39b20b787","96","https://unityverseacademy.com/urun/zbrush-ile-kuyumculuk-ve-taki-tasarimi-egitimi-yuz-yuze-1535/","https://unityverseacademy.com/urun/zbrush-ile-kuyumculuk-ve-taki-tasarimi-egitimi-yuz-yuze-1535/"
"https://unityverseacademy.com/urun/ingilizce-egitimi-ozel-ders-1442/","text/html; charset=utf-8","200","OK","Indexable","","eed663058656bb932f85d15cc7f23b8d","68","https://unityverseacademy.com/urun/ingilizce-egitimi-ozel-ders-1442/","https://unityverseacademy.com/urun/ingilizce-egitimi-ozel-ders-1442/"
"https://unityverseacademy.com/uploads/p/p/cocuk-ve-gencler-icin-unity-ile-oyun-gelistirme-yuz-yuze-egitimi_2.jpg?v=1759586740","image/jpeg","200","OK","Indexable","","","125","","https://unityverseacademy.com/uploads/p/p/cocuk-ve-gencler-icin-unity-ile-oyun-gelistirme-yuz-yuze-egitimi_2.jpg?v=1759586740"
"https://unityverseacademy.com/uploads/p/p/unreal-engine-5-gorsellestirme-ve-animasyon-yuz-yuze-egitim_2.jpg?v=1759586166","image/jpeg","200","OK","Indexable","","","120","","https://unityverseacademy.com/uploads/p/p/unreal-engine-5-gorsellestirme-ve-animasyon-yuz-yuze-egitim_2.jpg?v=1759586166"
"https://unityverseacademy.com/urun/unreal-engine-ile-metaverse-gelistirme-yuz-yuze-egitim-850/","text/html; charset=utf-8","200","OK","Indexable","","f82527efdf4944cd85bad2786e382c43","94","https://unityverseacademy.com/urun/unreal-engine-ile-metaverse-gelistirme-yuz-yuze-egitim-850/","https://unityverseacademy.com/urun/unreal-engine-ile-metaverse-gelistirme-yuz-yuze-egitim-850/"
"https://unityverseacademy.com/urun/desinatorluk-egitimi-ozel-ders-1412/","text/html; charset=utf-8","200","OK","Indexable","","fa151fee7d566c4d1336524b4360523d","71","https://unityverseacademy.com/urun/desinatorluk-egitimi-ozel-ders-1412/","https://unityverseacademy.com/urun/desinatorluk-egitimi-ozel-ders-1412/"
"https://unityverseacademy.com/uploads/fm/MicroSoft1.jpg","image/jpeg","200","OK","Indexable","","","55","","https://unityverseacademy.com/uploads/fm/MicroSoft1.jpg"
"https://unityverseacademy.com/uploads/p/p/unreal-engine-ile-sanal-gerceklik-online-canli-egitim_1.jpg?v=1696602754","image/jpeg","200","OK","Indexable","","","114","","https://unityverseacademy.com/uploads/p/p/unreal-engine-ile-sanal-gerceklik-online-canli-egitim_1.jpg?v=1696602754"
"https://unityverseacademy.com/urun/v-ray-ile-gercekci-ic-ve-dis-mekân-render-uretimi-egitimi-online-egitim-1623/","text/html; charset=utf-8","301","Moved Permanently","Non-Indexable","Redirected","","112","","https://unityverseacademy.com/urun/v-ray-ile-gercekci-ic-ve-dis-mek%C3%A2n-render-uretimi-egitimi-online-egitim-1623/"
"https://unityverseacademy.com/uploads/fm/IMG_50982.jpg","image/jpeg","200","OK","Indexable","","","54","","https://unityverseacademy.com/uploads/fm/IMG_50982.jpg"
"https://unityverseacademy.com/urun/it-danismanlik-hizmeti-ozel-ders-1435/","text/html; charset=utf-8","200","OK","Indexable","","51cfcce5e1f9ffe1406bcdab125cdf4a","73","https://unityverseacademy.com/urun/it-danismanlik-hizmeti-ozel-ders-1435/","https://unityverseacademy.com/urun/it-danismanlik-hizmeti-ozel-ders-1435/"
"https://unityverseacademy.com/uploads/p/p/unity-ile-oyun-gelistirme-canli-online-egitimi_1.png?v=1695285630","image/png","200","OK","Indexable","","","107","","https://unityverseacademy.com/uploads/p/p/unity-ile-oyun-gelistirme-canli-online-egitimi_1.png?v=1695285630"
"https://unityverseacademy.com/uploads/fm/Ekran_görüntüsü_2023-03-21_102640.png","image/png","200","OK","Indexable","","","78","","https://unityverseacademy.com/uploads/fm/Ekran_g%C3%B6r%C3%BCnt%C3%BCs%C3%BC_2023-03-21_102640.png"
"https://unityverseacademy.com/urun/sosyal-medya-ve-google-reklamciligi-yuz-yuze-egitimi-1558/","text/html; charset=utf-8","200","OK","Indexable","","b9ce93f794f00562bca48783cd068a51","93","https://unityverseacademy.com/urun/sosyal-medya-ve-google-reklamciligi-yuz-yuze-egitimi-1558/","https://unityverseacademy.com/urun/sosyal-medya-ve-google-reklamciligi-yuz-yuze-egitimi-1558/"
"https://unityverseacademy.com/urun/zbrush-ile-organik-modelleme-canli-online-ozel-ders-24-saat-1297/","text/html; charset=utf-8","200","OK","Indexable","","71c1a6e194d3a18a021ff5f97ce00a87","100","https://unityverseacademy.com/urun/zbrush-ile-organik-modelleme-canli-online-ozel-ders-24-saat-1297/","https://unityverseacademy.com/urun/zbrush-ile-organik-modelleme-canli-online-ozel-ders-24-saat-1297/"
"https://unityverseacademy.com/uploads/fm/IMG_510322.jpg","image/jpeg","200","OK","Indexable","","","55","","https://unityverseacademy.com/uploads/fm/IMG_510322.jpg"
"https://unityverseacademy.com/uploads/p/p/2b-cizgi-film-ve-animasyon-uzmanligi-canli-online-egitimi_2.jpg?v=1759405086","image/jpeg","200","OK","Indexable","","","118","","https://unityverseacademy.com/uploads/p/p/2b-cizgi-film-ve-animasyon-uzmanligi-canli-online-egitimi_2.jpg?v=1759405086"
"https://unityverseacademy.com/uploads/p/o/X9cFsrJqWZGf.jpg","image/jpeg","200","OK","Indexable","","","58","","https://unityverseacademy.com/uploads/p/o/X9cFsrJqWZGf.jpg"
"https://unityverseacademy.com/uploads/fm/Resume.pdf","text/html; charset=utf-8","301","Moved Permanently","Non-Indexable","Redirected","","51","","https://unityverseacademy.com/uploads/fm/Resume.pdf"
"https://unityverseacademy.com/uploads/fm/WhatsApp_Görsel_2025-09-23_saat_14_40_10_b4a342a21.jpg","image/jpeg","200","OK","Indexable","","","95","","https://unityverseacademy.com/uploads/fm/WhatsApp_G%C3%B6rsel_2025-09-23_saat_14_40_10_b4a342a21.jpg"
"https://unityverseacademy.com/urun/3ds-max-corona-ile-fotogercekci-mimari-gorsellestirmeegitimi-yuz-yuze-1615/","text/html; charset=utf-8","200","OK","Indexable","","2512ac263dbd4b33939e30b2eea097b6","110","https://unityverseacademy.com/urun/3ds-max-corona-ile-fotogercekci-mimari-gorsellestirmeegitimi-yuz-yuze-1615/","https://unityverseacademy.com/urun/3ds-max-corona-ile-fotogercekci-mimari-gorsellestirmeegitimi-yuz-yuze-1615/"
"https://unityverseacademy.com/uploads/fm/Ekran_görüntüsü_2023-03-21_182555.png","image/png","200","OK","Indexable","","","78","","https://unityverseacademy.com/uploads/fm/Ekran_g%C3%B6r%C3%BCnt%C3%BCs%C3%BC_2023-03-21_182555.png"
"https://unityverseacademy.com/urun/unity-ile-oyun-gelistirme-canli-online-egitimi/17/","text/html","301","Moved Permanently","Non-Indexable","Redirected","","85","","https://unityverseacademy.com/urun/unity-ile-oyun-gelistirme-canli-online-egitimi/17/"
"https://unityverseacademy.com/uploads/p/p/unreal-engine-5-ile-blueprint-oyun-gelistirme-yuz-yuze-egitim_1.jpg?v=1711707239","image/jpeg","200","OK","Indexable","","","122","","https://unityverseacademy.com/uploads/p/p/unreal-engine-5-ile-blueprint-oyun-gelistirme-yuz-yuze-egitim_1.jpg?v=1711707239"
"https://unityverseacademy.com/urun/unreal-engine-ile-metaverse-gelistirme-online-canli-egitim-851/","text/html; charset=utf-8","200","OK","Indexable","","7ff805c7c9f9ac1e0f1ce5e5b57fa24b","98","https://unityverseacademy.com/urun/unreal-engine-ile-metaverse-gelistirme-online-canli-egitim-851/","https://unityverseacademy.com/urun/unreal-engine-ile-metaverse-gelistirme-online-canli-egitim-851/"
"https://unityverseacademy.com/uploads/p/p/yapay-zeka-destekli-unity-ile-oyun-gelistirme-egitimi-online_1.webp?v=1780419449","image/webp","200","OK","Indexable","","","122","","https://unityverseacademy.com/uploads/p/p/yapay-zeka-destekli-unity-ile-oyun-gelistirme-egitimi-online_1.webp?v=1780419449"
"https://unityverseacademy.com/uploads/p/p/s/Autodesk-Fusion-360-Endustriyel-Urun-Tasarimi-Egitimi_1.jpg?v=1660636265","image/jpeg","200","OK","Indexable","","","116","","https://unityverseacademy.com/uploads/p/p/s/Autodesk-Fusion-360-Endustriyel-Urun-Tasarimi-Egitimi_1.jpg?v=1660636265"
"https://unityverseacademy.com/urun/veri-yapilari-egitimi-ozel-ders-1433/","text/html; charset=utf-8","200","OK","Indexable","","38262ae9eec1225a2dc28cd3703c18d8","72","https://unityverseacademy.com/urun/veri-yapilari-egitimi-ozel-ders-1433/","https://unityverseacademy.com/urun/veri-yapilari-egitimi-ozel-ders-1433/"
"https://unityverseacademy.com/urun/zbrush-ile-organik-modelleme-canli-online-ozel-ders-1052/","text/html; charset=utf-8","200","OK","Indexable","","ddc414ea303b603ca1deb4aef68bb435","92","https://unityverseacademy.com/urun/zbrush-ile-organik-modelleme-canli-online-ozel-ders-1052/","https://unityverseacademy.com/urun/zbrush-ile-organik-modelleme-canli-online-ozel-ders-1052/"
"https://unityverseacademy.com/uploads/p/p/sketchupta-mimari-ve-ic-mekân-modelleme-egitimi-uygulamali-yuz-yuze_1.jpg?v=1766155079","image/jpeg","200","OK","Indexable","","","128","","https://unityverseacademy.com/uploads/p/p/sketchupta-mimari-ve-ic-mek%C3%A2n-modelleme-egitimi-uygulamali-yuz-yuze_1.jpg?v=1766155079"
"https://unityverseacademy.com/uploads/fm/IMG_508921.jpg","image/jpeg","200","OK","Indexable","","","55","","https://unityverseacademy.com/uploads/fm/IMG_508921.jpg"
"https://unityverseacademy.com/urun/mimarlik-ic-mimarlik-icin-3d-tasarim-ve-gorsellestirme-egitimi-yuz-yuze-100-saat-1592/","text/html; charset=utf-8","200","OK","Indexable","","f248379fd77404c3697fbe853448731c","121","https://unityverseacademy.com/urun/mimarlik-ic-mimarlik-icin-3d-tasarim-ve-gorsellestirme-egitimi-yuz-yuze-100-saat-1592/","https://unityverseacademy.com/urun/mimarlik-ic-mimarlik-icin-3d-tasarim-ve-gorsellestirme-egitimi-yuz-yuze-100-saat-1592/"
"https://unityverseacademy.com/urun/zbrush-ile-organik-modelleme-online-egitimi-1528/","text/html; charset=utf-8","200","OK","Indexable","","e06fd4e795b6fa5898021341dd095d0e","84","https://unityverseacademy.com/urun/zbrush-ile-organik-modelleme-online-egitimi-1528/","https://unityverseacademy.com/urun/zbrush-ile-organik-modelleme-online-egitimi-1528/"
"https://unityverseacademy.com/uploads/p/p/desinatorluk-canli-online-egitimi_2.jpg?v=1699876654","image/jpeg","200","OK","Indexable","","","94","","https://unityverseacademy.com/uploads/p/p/desinatorluk-canli-online-egitimi_2.jpg?v=1699876654"
"https://unityverseacademy.com/urun/adobe-illustrator-onlinecanli-ozel-ders-835/","text/html; charset=utf-8","200","OK","Indexable","","59d491aa213c5168ce1ef9a8548b8b39","79","https://unityverseacademy.com/urun/adobe-illustrator-onlinecanli-ozel-ders-835/","https://unityverseacademy.com/urun/adobe-illustrator-onlinecanli-ozel-ders-835/"
"https://unityverseacademy.com/public/tema10/js/vue-bundle.js?v=5.4.94","application/javascript; charset=UTF-8","200","OK","Indexable","","","69","","https://unityverseacademy.com/public/tema10/js/vue-bundle.js?v=5.4.94"
"https://unityverseacademy.com/urun/unreal-engine-ile-sanal-gerceklik-online-canli-egitim-653/","text/html; charset=utf-8","200","OK","Indexable","","9fbed4a7238f7132cc37a0a6b477f287","93","https://unityverseacademy.com/urun/unreal-engine-ile-sanal-gerceklik-online-canli-egitim-653/","https://unityverseacademy.com/urun/unreal-engine-ile-sanal-gerceklik-online-canli-egitim-653/"
"https://unityverseacademy.com/urun/kurumsal-iletisim-egitimi-ozel-ders-1436/","text/html; charset=utf-8","200","OK","Indexable","","32a75e45a852a554ed906610fdb2c54c","76","https://unityverseacademy.com/urun/kurumsal-iletisim-egitimi-ozel-ders-1436/","https://unityverseacademy.com/urun/kurumsal-iletisim-egitimi-ozel-ders-1436/"
"https://unityverseacademy.com/urun/adobe-photoshop-ve-adobe-illustrator-yuz-yuze-egitimi-1002/","text/html; charset=utf-8","200","OK","Indexable","","d629c6d414500d480e3a7137f35e5de3","94","https://unityverseacademy.com/urun/adobe-photoshop-ve-adobe-illustrator-yuz-yuze-egitimi-1002/","https://unityverseacademy.com/urun/adobe-photoshop-ve-adobe-illustrator-yuz-yuze-egitimi-1002/"
"https://unityverseacademy.com/urun/دورة-اللغة-التركية-a1-a1-turkce-kursu-1118/","text/html; charset=utf-8","301","Moved Permanently","Non-Indexable","Redirected","","78","","https://unityverseacademy.com/urun/%D8%AF%D9%88%D8%B1%D8%A9-%D8%A7%D9%84%D9%84%D8%BA%D8%A9-%D8%A7%D9%84%D8%AA%D8%B1%D9%83%D9%8A%D8%A9-a1-a1-turkce-kursu-1118/"
"https://unityverseacademy.com/urun/film-ve-animasyon-icin-storyboard-yuz-yuze-egitimi-599/","text/html; charset=utf-8","200","OK","Indexable","","9e8601c0fb327fed723b70c46c04615b","90","https://unityverseacademy.com/urun/film-ve-animasyon-icin-storyboard-yuz-yuze-egitimi-599/","https://unityverseacademy.com/urun/film-ve-animasyon-icin-storyboard-yuz-yuze-egitimi-599/"
"https://unityverseacademy.com/urun/adobe-photoshop-yuz-yuze-egitim-783/","text/html; charset=utf-8","200","OK","Indexable","","b00c4ddd050f6d1ea28737f0aede164","71","https://unityverseacademy.com/urun/adobe-photoshop-yuz-yuze-egitim-783/","https://unityverseacademy.com/urun/adobe-photoshop-yuz-yuze-egitim-783/"
"https://unityverseacademy.com/urun/turkce-egitimi-ozel-ders-1438/","text/html; charset=utf-8","200","OK","Indexable","","b953b606479820226fffcf61644995a","65","https://unityverseacademy.com/urun/turkce-egitimi-ozel-ders-1438/","https://unityverseacademy.com/urun/turkce-egitimi-ozel-ders-1438/"
"https://unityverseacademy.com/public/tema10/js/filters.js?v=5.4.97","application/javascript; charset=UTF-8","200","OK","Indexable","","","66","","https://unityverseacademy.com/public/tema10/js/filters.js?v=5.4.97"
"https://unityverseacademy.com/urun/dijital-pazarlama-pazar-yeri-ve-e-ticaret-yoneticiligi-egitimi-25-saat-ozel-ders-1298/","text/html; charset=utf-8","200","OK","Indexable","","c080de5c04017635e7c0aee6e754d325","121","https://unityverseacademy.com/urun/dijital-pazarlama-pazar-yeri-ve-e-ticaret-yoneticiligi-egitimi-25-saat-ozel-ders-1298/","https://unityverseacademy.com/urun/dijital-pazarlama-pazar-yeri-ve-e-ticaret-yoneticiligi-egitimi-25-saat-ozel-ders-1298/"
"https://unityverseacademy.com/public/tema10/js/fancybox/jquery-3.3.1.js?v=5.4.94","application/javascript; charset=UTF-8","200","OK","Indexable","","","80","","https://unityverseacademy.com/public/tema10/js/fancybox/jquery-3.3.1.js?v=5.4.94"
"https://unityverseacademy.com/urun/mimarlik-icin-3d-tasarim-ve-gorsellestirme-egitimi-online-120-saat-1578/","text/html; charset=utf-8","200","OK","Indexable","","44250e244c21404a3488223e49d628cf","107","https://unityverseacademy.com/urun/mimarlik-icin-3d-tasarim-ve-gorsellestirme-egitimi-online-120-saat-1578/","https://unityverseacademy.com/urun/mimarlik-icin-3d-tasarim-ve-gorsellestirme-egitimi-online-120-saat-1578/"
"https://unityverseacademy.com/uploads/p/p/insan-kaynaklari-egitimi-ozel-ders_1.jpg?v=1759325510","image/jpeg","200","OK","Indexable","","","95","","https://unityverseacademy.com/uploads/p/p/insan-kaynaklari-egitimi-ozel-ders_1.jpg?v=1759325510"
"https://unityverseacademy.com/uploads/p/p/fizik-egitimi-ozel-ders_2.jpg?v=1757943503","image/jpeg","200","OK","Indexable","","","84","","https://unityverseacademy.com/uploads/p/p/fizik-egitimi-ozel-ders_2.jpg?v=1757943503"
"https://unityverseacademy.com/urun/lineer-cebir-linear-algebra-egitimi-ozel-ders-1432/","text/html; charset=utf-8","200","OK","Indexable","","7cbbf90ca432a9b5df017b871f6b1f02","86","https://unityverseacademy.com/urun/lineer-cebir-linear-algebra-egitimi-ozel-ders-1432/","https://unityverseacademy.com/urun/lineer-cebir-linear-algebra-egitimi-ozel-ders-1432/"
"https://unityverseacademy.com/uploads/p/cd/FOQfsSMU84Pt.jpg","image/jpeg","200","OK","Indexable","","","59","","https://unityverseacademy.com/uploads/p/cd/FOQfsSMU84Pt.jpg"
"https://unityverseacademy.com/urun/profesyonel-mimari-render-ve-etkilesim-egitimi-online-24-saat-1613/","text/html; charset=utf-8","200","OK","Indexable","","c7ea242a5e9ce685e2bd7d8c5177d638","102","https://unityverseacademy.com/urun/profesyonel-mimari-render-ve-etkilesim-egitimi-online-24-saat-1613/","https://unityverseacademy.com/urun/profesyonel-mimari-render-ve-etkilesim-egitimi-online-24-saat-1613/"
"https://unityverseacademy.com/uploads/fm/3boyuntlu_modelleme_ve_animasyon3.jpg","image/jpeg","200","OK","Indexable","","","78","","https://unityverseacademy.com/uploads/fm/3boyuntlu_modelleme_ve_animasyon3.jpg"
"https://unityverseacademy.com/uploads/p/p/profesyonel-mimari-render-ve-etkilesim-egitimi-yuz-yuze-24-saat_1.jpg?v=1765798484","image/jpeg","200","OK","Indexable","","","124","","https://unityverseacademy.com/uploads/p/p/profesyonel-mimari-render-ve-etkilesim-egitimi-yuz-yuze-24-saat_1.jpg?v=1765798484"
"https://unityverseacademy.com/urun/3ds-max-egitimi-10-saat-ozel-ders-1446/","text/html; charset=utf-8","200","OK","Indexable","","d6b4479004569f532a0a155d6f77a3f6","74","https://unityverseacademy.com/urun/3ds-max-egitimi-10-saat-ozel-ders-1446/","https://unityverseacademy.com/urun/3ds-max-egitimi-10-saat-ozel-ders-1446/"
"https://unityverseacademy.com/public/tema10/js/fancybox/jquery.fancybox.js?v=5.4.94","application/javascript; charset=UTF-8","200","OK","Indexable","","","83","","https://unityverseacademy.com/public/tema10/js/fancybox/jquery.fancybox.js?v=5.4.94"
"https://unityverseacademy.com/urun/2b-oyun-karakter-tasarimi-ve-animasyon-ozel-ders-20-saat-1251/","text/html; charset=utf-8","200","OK","Indexable","","4d02facc4c9d4cb1066deb4ebc0f7cc8","97","https://unityverseacademy.com/urun/2b-oyun-karakter-tasarimi-ve-animasyon-ozel-ders-20-saat-1251/","https://unityverseacademy.com/urun/2b-oyun-karakter-tasarimi-ve-animasyon-ozel-ders-20-saat-1251/"
"https://unityverseacademy.com/urun/cocuklar-icin-minecraft-ile-kodlama-egitimi-1689/","text/html; charset=utf-8","200","OK","Indexable","","d379e1b6048a38c65af08e0b7986fa30","84","https://unityverseacademy.com/urun/cocuklar-icin-minecraft-ile-kodlama-egitimi-1689/","https://unityverseacademy.com/urun/cocuklar-icin-minecraft-ile-kodlama-egitimi-1689/"
"https://unityverseacademy.com/uploads/fm/2B-Oyun-Karakter-Tasarimi-ve-Animasyon-Hizlandirilmis-Egitimi_21.jpg","image/jpeg","200","OK","Indexable","","","109","","https://unityverseacademy.com/uploads/fm/2B-Oyun-Karakter-Tasarimi-ve-Animasyon-Hizlandirilmis-Egitimi_21.jpg"
"https://unityverseacademy.com/urun/insan-kaynaklari-egitimi-ozel-ders-1437/","text/html; charset=utf-8","200","OK","Indexable","","bd4c2882578ccc12414fc3e39307f648","75","https://unityverseacademy.com/urun/insan-kaynaklari-egitimi-ozel-ders-1437/","https://unityverseacademy.com/urun/insan-kaynaklari-egitimi-ozel-ders-1437/"
"https://unityverseacademy.com/uploads/fm/IMG_50892.jpg","image/jpeg","200","OK","Indexable","","","54","","https://unityverseacademy.com/uploads/fm/IMG_50892.jpg"
"https://unityverseacademy.com/uploads/fm/Ekran_görüntüsü_2023-03-21_104838.png","image/png","200","OK","Indexable","","","78","","https://unityverseacademy.com/uploads/fm/Ekran_g%C3%B6r%C3%BCnt%C3%BCs%C3%BC_2023-03-21_104838.png"
"https://unityverseacademy.com/uploads/fm/ACP_Logo_Adobe_Certified_Professional_Adobe_Illustrator_digital_badge.png","image/png","200","OK","Indexable","","","114","","https://unityverseacademy.com/uploads/fm/ACP_Logo_Adobe_Certified_Professional_Adobe_Illustrator_digital_badge.png"
"https://unityverseacademy.com/uploads/p/p/lumion-egitimi_1.jpg?v=1757507245","image/jpeg","200","OK","Indexable","","","75","","https://unityverseacademy.com/uploads/p/p/lumion-egitimi_1.jpg?v=1757507245"
"https://unityverseacademy.com/uploads/fm/WhatsApp_Image_2022-08-10_at_11_30_54_(1).jpg","image/jpeg","200","OK","Indexable","","","86","","https://unityverseacademy.com/uploads/fm/WhatsApp_Image_2022-08-10_at_11_30_54_(1).jpg"
"https://unityverseacademy.com/uploads/p/p/almanca-egitimi-ozel-ders_1.jpg?v=1759325961","image/jpeg","200","OK","Indexable","","","86","","https://unityverseacademy.com/uploads/p/p/almanca-egitimi-ozel-ders_1.jpg?v=1759325961"
"https://unityverseacademy.com/urun/unity-ile-oyun-gelistirme-canli-online-egitimi-8-ay-1479/","text/html; charset=utf-8","200","OK","Indexable","","d8508f1efbd8a8f423fa0c52fc3774db","92","https://unityverseacademy.com/urun/unity-ile-oyun-gelistirme-canli-online-egitimi-8-ay-1479/","https://unityverseacademy.com/urun/unity-ile-oyun-gelistirme-canli-online-egitimi-8-ay-1479/"
"https://unityverseacademy.com/uploads/fm/projegeliştirmeai232.png","image/png","200","OK","Indexable","","","65","","https://unityverseacademy.com/uploads/fm/projegeli%C5%9Ftirmeai232.png"
"https://unityverseacademy.com/uploads/fm/IMG_50452.jpg","image/jpeg","200","OK","Indexable","","","54","","https://unityverseacademy.com/uploads/fm/IMG_50452.jpg"
"https://unityverseacademy.com/uploads/fm/Unity_Certified_User_Prog_Logo3.png","image/png","200","OK","Indexable","","","76","","https://unityverseacademy.com/uploads/fm/Unity_Certified_User_Prog_Logo3.png"
"https://unityverseacademy.com/urun/proje-yonetimi-egitimi-1126/","text/html; charset=utf-8","200","OK","Indexable","","143a8d25fec08209826e097bf64b6ee7","63","https://unityverseacademy.com/urun/proje-yonetimi-egitimi-1126/","https://unityverseacademy.com/urun/proje-yonetimi-egitimi-1126/"
"https://unityverseacademy.com/uploads/fm/WhatsApp_Image_2025-02-20_at_17_31_198.jpg","image/jpeg","200","OK","Indexable","","","83","","https://unityverseacademy.com/uploads/fm/WhatsApp_Image_2025-02-20_at_17_31_198.jpg"
"https://unityverseacademy.com/uploads/fm/Microsoft®_Certified_Fundamentals1.png","image/png","200","OK","Indexable","","","79","","https://unityverseacademy.com/uploads/fm/Microsoft%C2%AE_Certified_Fundamentals1.png"
"https://unityverseacademy.com/uploads/p/p/unity-ile-oyun-gelistirme-online-ozel-ders_1.jpeg?v=1747057605","image/jpeg","200","OK","Indexable","","","104","","https://unityverseacademy.com/uploads/p/p/unity-ile-oyun-gelistirme-online-ozel-ders_1.jpeg?v=1747057605"
"https://unityverseacademy.com/urun/yonetmenlik-ve-sinematografiye-giris-yuz-yuze-ozel-ders-1056/","text/html; charset=utf-8","200","OK","Indexable","","a1f26e14ccd59de18098e4aa3d205a86","96","https://unityverseacademy.com/urun/yonetmenlik-ve-sinematografiye-giris-yuz-yuze-ozel-ders-1056/","https://unityverseacademy.com/urun/yonetmenlik-ve-sinematografiye-giris-yuz-yuze-ozel-ders-1056/"
"https://unityverseacademy.com/uploads/p/p/3ds-max-corona-ile-fotogercekci-mimari-gorsellestirmeegitimi-online_2.jpg?v=1765798392","image/jpeg","200","OK","Indexable","","","128","","https://unityverseacademy.com/uploads/p/p/3ds-max-corona-ile-fotogercekci-mimari-gorsellestirmeegitimi-online_2.jpg?v=1765798392"
"https://unityverseacademy.com/uploads/p/p/unreal-engine-ile-metaverse-gelistirme-yuz-yuze-egitim_1.jpg?v=1759587967","image/jpeg","200","OK","Indexable","","","115","","https://unityverseacademy.com/uploads/p/p/unreal-engine-ile-metaverse-gelistirme-yuz-yuze-egitim_1.jpg?v=1759587967"
"https://unityverseacademy.com/uploads/fm/IMG_51231.jpg","image/jpeg","200","OK","Indexable","","","54","","https://unityverseacademy.com/uploads/fm/IMG_51231.jpg"
"https://unityverseacademy.com/uploads/p/p/rhino-egitimi-40-saat-online_1.jpeg?v=1756551659","image/jpeg","200","OK","Indexable","","","90","","https://unityverseacademy.com/uploads/p/p/rhino-egitimi-40-saat-online_1.jpeg?v=1756551659"
"https://unityverseacademy.com/uploads/p/p/autodesk-fusion-360-endustriyel-urun-tasarimi-uzmanligi-canli-online-ozel-ders_2.jpg?v=1762940154","image/jpeg","200","OK","Indexable","","","139","","https://unityverseacademy.com/uploads/p/p/autodesk-fusion-360-endustriyel-urun-tasarimi-uzmanligi-canli-online-ozel-ders_2.jpg?v=1762940154"
"https://unityverseacademy.com/uploads/p/p/rhino-egitimi-24-saat-online-ozel-ders_1.jpeg?v=1756551156","image/jpeg","200","OK","Indexable","","","100","","https://unityverseacademy.com/uploads/p/p/rhino-egitimi-24-saat-online-ozel-ders_1.jpeg?v=1756551156"
"https://unityverseacademy.com/uploads/fm/Adobe_ACP_Adobe_Certified_Professional_Certificate_-_B5_150.jpg","image/jpeg","200","OK","Indexable","","","104","","https://unityverseacademy.com/uploads/fm/Adobe_ACP_Adobe_Certified_Professional_Certificate_-_B5_150.jpg"
"https://unityverseacademy.com/uploads/p/p/3ds-max-egitimi-10-saat-ozel-ders_1.jpg?v=1762865299","image/jpeg","200","OK","Indexable","","","94","","https://unityverseacademy.com/uploads/p/p/3ds-max-egitimi-10-saat-ozel-ders_1.jpg?v=1762865299"
"https://unityverseacademy.com/uploads/p/p/sosyal-medya-ve-google-reklamciligi-yuz-yuze-egitimi_1.jpg?v=1761747539","image/jpeg","200","OK","Indexable","","","113","","https://unityverseacademy.com/uploads/p/p/sosyal-medya-ve-google-reklamciligi-yuz-yuze-egitimi_1.jpg?v=1761747539"
"https://unityverseacademy.com/uploads/fm/ACP_Logo_Adobe_Certified_Professional_Adobe_Photoshop_digital_badge.png","image/png","200","OK","Indexable","","","112","","https://unityverseacademy.com/uploads/fm/ACP_Logo_Adobe_Certified_Professional_Adobe_Photoshop_digital_badge.png"
"https://unityverseacademy.com/uploads/p/p/unity-ile-oyun-gelistirme-yuz-yuze-egitimi_2.jpeg?v=1753523081","image/jpeg","200","OK","Indexable","","","104","","https://unityverseacademy.com/uploads/p/p/unity-ile-oyun-gelistirme-yuz-yuze-egitimi_2.jpeg?v=1753523081"
"https://unityverseacademy.com/uploads/p/p/unreal-engine-ile-sanal-gerceklik-yuz-yuze-egitim_2.jpg?v=1759591008","image/jpeg","200","OK","Indexable","","","110","","https://unityverseacademy.com/uploads/p/p/unreal-engine-ile-sanal-gerceklik-yuz-yuze-egitim_2.jpg?v=1759591008"
"https://unityverseacademy.com/uploads/p/b/fatih-yilmazin-yazilim-yolculugu-ve-lufthansadaki-basarisi_1.webp?v=1779437179","image/webp","200","OK","Indexable","","","120","","https://unityverseacademy.com/uploads/p/b/fatih-yilmazin-yazilim-yolculugu-ve-lufthansadaki-basarisi_1.webp?v=1779437179"
"https://unityverseacademy.com/uploads/fm/Doç__Dr__Ali_Çivril_pdf_11.jpg","image/jpeg","200","OK","Indexable","","","73","","https://unityverseacademy.com/uploads/fm/Doc%CC%A7__Dr__Ali_C%CC%A7ivril_pdf_11.jpg"
"https://unityverseacademy.com/blog-detay/3b-modelleme-egitimleri-zbrush-ileri-seviye-284/","text/html; charset=utf-8","200","OK","Indexable","","399787ccfde1d67ae16ee1bbf969b469","89","https://unityverseacademy.com/blog-detay/3b-modelleme-egitimleri-zbrush-ileri-seviye-284/","https://unityverseacademy.com/blog-detay/3b-modelleme-egitimleri-zbrush-ileri-seviye-284/"
"https://unityverseacademy.com/uploads/fm/Kurucu_Eğitmen_Öğr__Gör__Nevin_Eryılmaz_pdf_22.jpg","image/jpeg","200","OK","Indexable","","","95","","https://unityverseacademy.com/uploads/fm/Kurucu_Eg%CC%86itmen_O%CC%88g%CC%86r__Go%CC%88r__Nevin_Ery%C4%B1lmaz_pdf_22.jpg"
"https://unityverseacademy.com/blog-detay/blender-egitimi-3d-modelleme-animasyon-ve-render-rehberi-280/","text/html; charset=utf-8","200","OK","Indexable","","f72ca7cb0151e6269f101e799bcd9c92","102","https://unityverseacademy.com/blog-detay/blender-egitimi-3d-modelleme-animasyon-ve-render-rehberi-280/","https://unityverseacademy.com/blog-detay/blender-egitimi-3d-modelleme-animasyon-ve-render-rehberi-280/"
"https://unityverseacademy.com/urun/excel-kursu-temelden-ileri-seviyeye-1122/","text/html; charset=utf-8","200","OK","Indexable","","28a62f60710ca86efd03fd0921ca867e","76","https://unityverseacademy.com/urun/excel-kursu-temelden-ileri-seviyeye-1122/","https://unityverseacademy.com/urun/excel-kursu-temelden-ileri-seviyeye-1122/"
"https://unityverseacademy.com/uploads/fm/dijital_oyun_geliştirme_(1)3.jpg","image/jpeg","200","OK","Indexable","","","73","","https://unityverseacademy.com/uploads/fm/dijital_oyun_geli%C5%9Ftirme_(1)3.jpg"
"https://unityverseacademy.com/blog-detay/3dsmax-kursu-294/","text/html; charset=utf-8","200","OK","Indexable","","5c1ec151ec34bc87f60ebb242c5c428d","58","https://unityverseacademy.com/blog-detay/3dsmax-kursu-294/","https://unityverseacademy.com/blog-detay/3dsmax-kursu-294/"
"https://unityverseacademy.com/uploads/p/o/CLDIvixRzArT.png?v=1731497148","image/png","200","OK","Indexable","","","71","","https://unityverseacademy.com/uploads/p/o/CLDIvixRzArT.png?v=1731497148"
"https://unityverseacademy.com/urun/2b-cizgi-film-ve-animasyon-yuz-yuze-egitimi-614/","text/html; charset=utf-8","200","OK","Indexable","","e6ecd83ca61011b14e8b286f20857969","83","https://unityverseacademy.com/urun/2b-cizgi-film-ve-animasyon-yuz-yuze-egitimi-614/","https://unityverseacademy.com/urun/2b-cizgi-film-ve-animasyon-yuz-yuze-egitimi-614/"
"https://unityverseacademy.com/uploads/p/b/elif-arslanin-yazilim-gelistirici-olarak-ayakkabi-dunyasindaki-baslangici_2.webp?v=1779437223","image/webp","200","OK","Indexable","","","135","","https://unityverseacademy.com/uploads/p/b/elif-arslanin-yazilim-gelistirici-olarak-ayakkabi-dunyasindaki-baslangici_2.webp?v=1779437223"
"https://unityverseacademy.com/blog-detay/blender-egitimi-blender-profesyonel-kullanim-rehberi-308/","text/html; charset=utf-8","200","OK","Indexable","","5cfdcc6d53726aa06e920c925e9584b3","98","https://unityverseacademy.com/blog-detay/blender-egitimi-blender-profesyonel-kullanim-rehberi-308/","https://unityverseacademy.com/blog-detay/blender-egitimi-blender-profesyonel-kullanim-rehberi-308/"
"https://unityverseacademy.com/urun/3ds-max-egitimi-30-saat-ozel-ders-1128/","text/html; charset=utf-8","200","OK","Indexable","","f5999a2013ed0211e68f362b9f02ef92","74","https://unityverseacademy.com/urun/3ds-max-egitimi-30-saat-ozel-ders-1128/","https://unityverseacademy.com/urun/3ds-max-egitimi-30-saat-ozel-ders-1128/"
"https://unityverseacademy.com/public/tema10/js/blog-detail-gallery.js?v=1.0.0","application/javascript; charset=UTF-8","200","OK","Indexable","","","77","","https://unityverseacademy.com/public/tema10/js/blog-detail-gallery.js?v=1.0.0"
"https://unityverseacademy.com/urun/sketchupta-mimari-ve-ic-mekân-modelleme-egitimi-uygulamali-online-1619/","text/html; charset=utf-8","301","Moved Permanently","Non-Indexable","Redirected","","106","","https://unityverseacademy.com/urun/sketchupta-mimari-ve-ic-mek%C3%A2n-modelleme-egitimi-uygulamali-online-1619/"
"https://unityverseacademy.com/urun/ayrik-matematik-discrete-mathematics-egitimi-ozel-ders-1431/","text/html; charset=utf-8","200","OK","Indexable","","c3bbc39ba9712db112842ef7b328ac83","95","https://unityverseacademy.com/urun/ayrik-matematik-discrete-mathematics-egitimi-ozel-ders-1431/","https://unityverseacademy.com/urun/ayrik-matematik-discrete-mathematics-egitimi-ozel-ders-1431/"
"https://unityverseacademy.com/uploads/p/p/microsoft-office-egitimi_1.jpg?v=1757933202","image/jpeg","200","OK","Indexable","","","85","","https://unityverseacademy.com/uploads/p/p/microsoft-office-egitimi_1.jpg?v=1757933202"
"https://unityverseacademy.com/urun/unity-ile-oyun-gelistirme-yuz-yuze-egitimi-1481/","text/html; charset=utf-8","200","OK","Indexable","","905226d35b5a07c76cb5239e37b2b342","83","https://unityverseacademy.com/urun/unity-ile-oyun-gelistirme-yuz-yuze-egitimi-1481/","https://unityverseacademy.com/urun/unity-ile-oyun-gelistirme-yuz-yuze-egitimi-1481/"
"https://unityverseacademy.com/uploads/p/p/unreal-engine-ile-oyun-gelistirme-ozel-ders-online-canli-egitim-100-saat_1.jpg?v=1757921756","image/jpeg","200","OK","Indexable","","","133","","https://unityverseacademy.com/uploads/p/p/unreal-engine-ile-oyun-gelistirme-ozel-ders-online-canli-egitim-100-saat_1.jpg?v=1757921756"
"https://unityverseacademy.com/uploads/fm/IMG_5023.jpg","image/jpeg","200","OK","Indexable","","","53","","https://unityverseacademy.com/uploads/fm/IMG_5023.jpg"
"https://unityverseacademy.com/uploads/fm/OYUN_ÖRNEK_SERTİFİKA3.jpg","image/jpeg","200","OK","Indexable","","","69","","https://unityverseacademy.com/uploads/fm/OYUN_O%CC%88RNEK_SERTI%CC%87FI%CC%87KA3.jpg"
"https://unityverseacademy.com/urun/autodesk-fusion-360-endustriyel-urun-tasarimi-uzmanligi-canli-online-ozel-ders-1368/","text/html; charset=utf-8","200","OK","Indexable","","e314581859c59eba560e4a052e21247e","119","https://unityverseacademy.com/urun/autodesk-fusion-360-endustriyel-urun-tasarimi-uzmanligi-canli-online-ozel-ders-1368/","https://unityverseacademy.com/urun/autodesk-fusion-360-endustriyel-urun-tasarimi-uzmanligi-canli-online-ozel-ders-1368/"
"https://unityverseacademy.com/uploads/fm/Feyyaz_Ağırman_pdf_11.jpg","image/jpeg","200","OK","Indexable","","","67","","https://unityverseacademy.com/uploads/fm/Feyyaz_Ag%CC%86%C4%B1rman_pdf_11.jpg"
"https://unityverseacademy.com/urun/bilgisayarli-muhasebe-egitimi-10-saat-1125/","text/html; charset=utf-8","200","OK","Indexable","","b39644fc338e037d77829dc6577c588","78","https://unityverseacademy.com/urun/bilgisayarli-muhasebe-egitimi-10-saat-1125/","https://unityverseacademy.com/urun/bilgisayarli-muhasebe-egitimi-10-saat-1125/"
"https://unityverseacademy.com/uploads/p/p/cocuklar-icin-minecraft-ile-kodlama-egitimi_1.webp?v=1780424011","image/webp","200","OK","Indexable","","","105","","https://unityverseacademy.com/uploads/p/p/cocuklar-icin-minecraft-ile-kodlama-egitimi_1.webp?v=1780424011"
"https://unityverseacademy.com/uploads/p/p/revit-egitimi_1.jpg?v=1757507764","image/jpeg","200","OK","Indexable","","","74","","https://unityverseacademy.com/uploads/p/p/revit-egitimi_1.jpg?v=1757507764"
"https://unityverseacademy.com/urun/diferansiyel-denklemler-egitimi-ozel-ders-1434/","text/html; charset=utf-8","200","OK","Indexable","","4311976900b6367fd2c511ce651a6523","82","https://unityverseacademy.com/urun/diferansiyel-denklemler-egitimi-ozel-ders-1434/","https://unityverseacademy.com/urun/diferansiyel-denklemler-egitimi-ozel-ders-1434/"
"https://unityverseacademy.com/uploads/p/p/excel-kursu-temelden-ileri-seviyeye_1.jpg?v=1757932029","image/jpeg","200","OK","Indexable","","","96","","https://unityverseacademy.com/uploads/p/p/excel-kursu-temelden-ileri-seviyeye_1.jpg?v=1757932029"
"https://unityverseacademy.com/uploads/p/p/ic-mimarlik-ve-dekorasyon-egitimi_1.jpg?v=1757507465","image/jpeg","200","OK","Indexable","","","94","","https://unityverseacademy.com/uploads/p/p/ic-mimarlik-ve-dekorasyon-egitimi_1.jpg?v=1757507465"
"https://unityverseacademy.com/uploads/p/p/sosyal-medya-ve-google-reklamciligi-canli-online-egitimi_1.jpg?v=1699715495","image/jpeg","200","OK","Indexable","","","117","","https://unityverseacademy.com/uploads/p/p/sosyal-medya-ve-google-reklamciligi-canli-online-egitimi_1.jpg?v=1699715495"
"https://unityverseacademy.com/urun/unreal-engine-ile-oyun-gelistirme-ozel-ders-online-canli-egitim-100-saat-1303/","text/html; charset=utf-8","200","OK","Indexable","","fbab6dbae6dce4f6fe0db68e4c54ccd9","113","https://unityverseacademy.com/urun/unreal-engine-ile-oyun-gelistirme-ozel-ders-online-canli-egitim-100-saat-1303/","https://unityverseacademy.com/urun/unreal-engine-ile-oyun-gelistirme-ozel-ders-online-canli-egitim-100-saat-1303/"
"https://unityverseacademy.com/uploads/fm/IMG_504523.jpg","image/jpeg","200","OK","Indexable","","","55","","https://unityverseacademy.com/uploads/fm/IMG_504523.jpg"
"https://unityverseacademy.com/urun/yonetmenlik-ve-sinematografiye-giris-canli-online-egitimi-585/","text/html; charset=utf-8","200","OK","Indexable","","d3585c9a44a3409b764d58c8c55e054d","97","https://unityverseacademy.com/urun/yonetmenlik-ve-sinematografiye-giris-canli-online-egitimi-585/","https://unityverseacademy.com/urun/yonetmenlik-ve-sinematografiye-giris-canli-online-egitimi-585/"
"https://unityverseacademy.com/uploads/p/p/film-ve-animasyon-icin-storyboard-yuz-yuze-egitimi-ozel-ders_1.jpg?v=1759586033","image/jpeg","200","OK","Indexable","","","121","","https://unityverseacademy.com/uploads/p/p/film-ve-animasyon-icin-storyboard-yuz-yuze-egitimi-ozel-ders_1.jpg?v=1759586033"
"https://unityverseacademy.com/urun/egitim-koclugu-ozel-ders-1439/","text/html; charset=utf-8","200","OK","Indexable","","7b4ebe4ad2bfefe9c751746cfe13973e","65","https://unityverseacademy.com/urun/egitim-koclugu-ozel-ders-1439/","https://unityverseacademy.com/urun/egitim-koclugu-ozel-ders-1439/"
"https://unityverseacademy.com/uploads/p/p/cocuk-ve-gencler-icin-unity-ile-oyun-gelistirme-canli-online-egitimi_2.jpg?v=1759588466","image/jpeg","200","OK","Indexable","","","129","","https://unityverseacademy.com/uploads/p/p/cocuk-ve-gencler-icin-unity-ile-oyun-gelistirme-canli-online-egitimi_2.jpg?v=1759588466"
"https://unityverseacademy.com/urun/grafik-tasarim-ve-video-efekt-uzmanligi-yuz-yuze-egitimi-1489/","text/html; charset=utf-8","200","OK","Indexable","","65e210f8c604592a1853895841459bcc","97","https://unityverseacademy.com/urun/grafik-tasarim-ve-video-efekt-uzmanligi-yuz-yuze-egitimi-1489/","https://unityverseacademy.com/urun/grafik-tasarim-ve-video-efekt-uzmanligi-yuz-yuze-egitimi-1489/"
"https://unityverseacademy.com/uploads/p/p/film-ve-animasyon-icin-storyboard-yuz-yuze-egitimi_1.jpg?v=1759588333","image/jpeg","200","OK","Indexable","","","111","","https://unityverseacademy.com/uploads/p/p/film-ve-animasyon-icin-storyboard-yuz-yuze-egitimi_1.jpg?v=1759588333"
"https://unityverseacademy.com/uploads/fm/IMG_4921-min2.jpg","image/jpeg","200","OK","Indexable","","","58","","https://unityverseacademy.com/uploads/fm/IMG_4921-min2.jpg"
"https://unityverseacademy.com/uploads/fm/endüstriyell_modelleme114.jpg","image/jpeg","200","OK","Indexable","","","70","","https://unityverseacademy.com/uploads/fm/end%C3%BCstriyell_modelleme114.jpg"
"https://unityverseacademy.com/urun/36-saat-kapsamli-zbrush-modelleme-egitimi-yuz-yuze-1539/","text/html; charset=utf-8","200","OK","Indexable","","6f33368844b0bd0e903f48c30f8221ab","91","https://unityverseacademy.com/urun/36-saat-kapsamli-zbrush-modelleme-egitimi-yuz-yuze-1539/","https://unityverseacademy.com/urun/36-saat-kapsamli-zbrush-modelleme-egitimi-yuz-yuze-1539/"
"https://unityverseacademy.com/uploads/fm/2B_animasyon_01-1.png","image/png","200","OK","Indexable","","","62","","https://unityverseacademy.com/uploads/fm/2B_animasyon_01-1.png"
"https://unityverseacademy.com/uploads/p/p/kurumsal-iletisim-egitimi-ozel-ders_1.jpg?v=1759325379","image/jpeg","200","OK","Indexable","","","96","","https://unityverseacademy.com/uploads/p/p/kurumsal-iletisim-egitimi-ozel-ders_1.jpg?v=1759325379"
"https://unityverseacademy.com/urun/matematik-egitimi-ozel-ders-1428/","text/html; charset=utf-8","200","OK","Indexable","","18f7276efc59532b38007afadb3b986d","68","https://unityverseacademy.com/urun/matematik-egitimi-ozel-ders-1428/","https://unityverseacademy.com/urun/matematik-egitimi-ozel-ders-1428/"
"https://unityverseacademy.com/blog-detay/maya-egitimi-285/","text/html; charset=utf-8","200","OK","Indexable","","3676f550700f99a9a4a2d9ca35c84e33","58","https://unityverseacademy.com/blog-detay/maya-egitimi-285/","https://unityverseacademy.com/blog-detay/maya-egitimi-285/"
"https://unityverseacademy.com/uploads/fm/IMG_58715.jpg","image/jpeg","200","OK","Indexable","","","54","","https://unityverseacademy.com/uploads/fm/IMG_58715.jpg"
"https://unityverseacademy.com/uploads/fm/Adobe_Certified_Professional_Program_Provider_badge.png","image/png","200","OK","Indexable","","","96","","https://unityverseacademy.com/uploads/fm/Adobe_Certified_Professional_Program_Provider_badge.png"
"https://unityverseacademy.com/urun/revit-egitimi-online-1129/","text/html; charset=utf-8","200","OK","Indexable","","33406d429c8975d6ea01ee19cb9446f6","61","https://unityverseacademy.com/urun/revit-egitimi-online-1129/","https://unityverseacademy.com/urun/revit-egitimi-online-1129/"
"https://unityverseacademy.com/uploads/p/p/excel-kursu-temelden-ileri-seviyeye-10-saat_2.jpg?v=1775131223","image/jpeg","200","OK","Indexable","","","104","","https://unityverseacademy.com/uploads/p/p/excel-kursu-temelden-ileri-seviyeye-10-saat_2.jpg?v=1775131223"
"https://unityverseacademy.com/sayfa/hakkimizda/25/","text/html; charset=utf-8","200","OK","Non-Indexable","Canonicalised","5307f100767668c206b0d388a0931043","50","https://unityverseacademy.com/sayfa/hakkimizda-25/","https://unityverseacademy.com/sayfa/hakkimizda/25/"
"https://unityverseacademy.com/blog-detay/3ds-max-egitimi-uv-mapping-ve-kaplama-yonetimi-305/","text/html; charset=utf-8","200","OK","Indexable","","6ba97aa19126637a5ed2ce5749ed3e07","92","https://unityverseacademy.com/blog-detay/3ds-max-egitimi-uv-mapping-ve-kaplama-yonetimi-305/","https://unityverseacademy.com/blog-detay/3ds-max-egitimi-uv-mapping-ve-kaplama-yonetimi-305/"
"https://unityverseacademy.com/urun/profesyonel-mimari-render-ve-etkilesim-egitimi-yuz-yuze-24-saat-1612/","text/html; charset=utf-8","200","OK","Indexable","","c18cbd164eaf4a9766fb70184ef6bdae","104","https://unityverseacademy.com/urun/profesyonel-mimari-render-ve-etkilesim-egitimi-yuz-yuze-24-saat-1612/","https://unityverseacademy.com/urun/profesyonel-mimari-render-ve-etkilesim-egitimi-yuz-yuze-24-saat-1612/"
"https://unityverseacademy.com/uploads/p/p/2b-cizgi-film-ve-animasyon-yuz-yuze-egitimi_2.jpg?v=1759405015","image/jpeg","200","OK","Indexable","","","104","","https://unityverseacademy.com/uploads/p/p/2b-cizgi-film-ve-animasyon-yuz-yuze-egitimi_2.jpg?v=1759405015"
"https://unityverseacademy.com/urun/mimarlik-ic-mimarlik-icin-3d-tasarim-ve-gorsellestirme-egitimi-yuz-yuze-1504/","text/html; charset=utf-8","200","OK","Indexable","","2135417ab3c6e1896df37ec01f4eab31","112","https://unityverseacademy.com/urun/mimarlik-ic-mimarlik-icin-3d-tasarim-ve-gorsellestirme-egitimi-yuz-yuze-1504/","https://unityverseacademy.com/urun/mimarlik-ic-mimarlik-icin-3d-tasarim-ve-gorsellestirme-egitimi-yuz-yuze-1504/"
"https://unityverseacademy.com/uploads/p/p/ingilizce-egitimi-ozel-ders_1.jpg?v=1759326463","image/jpeg","200","OK","Indexable","","","88","","https://unityverseacademy.com/uploads/p/p/ingilizce-egitimi-ozel-ders_1.jpg?v=1759326463"
"https://unityverseacademy.com/urun/unreal-engine-ile-sanal-gerceklik-yuz-yuze-egitim-654/","text/html; charset=utf-8","200","OK","Indexable","","aee4cc289c4ec44a2a57c66892412674","89","https://unityverseacademy.com/urun/unreal-engine-ile-sanal-gerceklik-yuz-yuze-egitim-654/","https://unityverseacademy.com/urun/unreal-engine-ile-sanal-gerceklik-yuz-yuze-egitim-654/"
"https://unityverseacademy.com/urun/autocad-egitimi-ozel-ders-1300/","text/html; charset=utf-8","200","OK","Indexable","","20a5437b9314f221166dde2aa697fe0e","66","https://unityverseacademy.com/urun/autocad-egitimi-ozel-ders-1300/","https://unityverseacademy.com/urun/autocad-egitimi-ozel-ders-1300/"
"https://unityverseacademy.com/urun/sosyal-medya-ve-google-reklamciligi-canli-online-egitimi-1072/","text/html; charset=utf-8","200","OK","Indexable","","9d0d1801048ba9d2908b5101fe3fc507","97","https://unityverseacademy.com/urun/sosyal-medya-ve-google-reklamciligi-canli-online-egitimi-1072/","https://unityverseacademy.com/urun/sosyal-medya-ve-google-reklamciligi-canli-online-egitimi-1072/"
